    1     0.00000000
    2     0.00000000
    3     0.00000000
    4     0.00000000
    5     0.00000000
    6     0.00000000
    7     0.00000000
    8     0.00000000
    9     0.00000000
   10     0.00000000
   11     0.00000000
   12     0.00000000
   13     0.00000000
   14     0.00000000
   15     0.00000000
   16     0.00000000
   17     0.00000000
   18     0.00000000
   19     0.00000000
   20     0.00000000
   21     0.00000000
   22     0.00000000
   23     0.00000000
   24     0.00000000
   25     0.00000000
   26     0.00000000
   27     0.00000000
   28     0.00000000
   29     0.00000000
   30     0.00000000
   31     0.00000000
   32     0.00000000
   33     0.00000000
   34     0.00000000
   35     0.00000000
   36     0.00000000
   37     0.00000000
   38     0.00000000
   39     0.00000000
   40     0.00000000
   41     0.00000000
   42     0.00000000
   43     0.00000000
   44     0.00000000
   45     0.00000000
   46     0.00000000
   47     0.00000000
   48     0.00000000
   49     0.00000000
   50     0.00000000
   51     0.00000000
   52     0.00000000
   53     0.00000000
   54     0.00000000
   55     0.00000000
   56     0.00000000
   57     0.00000000
   58     0.00000000
   59     0.00000000
   60     0.00000000
   61     0.00000000
   62     0.00000000
   63     0.00000000
   64     0.00000000
   65     0.00000000
   66     0.00000000
   67     0.00000000
   68     0.00000000
   69     0.00000000
   70     0.00000000
   71     0.00000000
   72     0.00000000
   73     0.00000000
   74     0.00000000
   75     0.00000000
   76     0.00000000
   77     0.00000000
   78     0.00000000
   79     0.00000000
   80     0.00000000
   81     0.00000000
   82     0.00000000
   83     0.00000000
   84     0.00000000
   85     0.00000000
   86     0.00000000
   87     0.00000000
   88     0.00000000
   89     0.00000000
   90     0.00000000
   91     0.00000000
   92     0.00000000
   93     0.00000000
   94     0.00000000
   95     0.00000000
   96     0.00000000
   97     0.00000000
   98     0.00000000
   99     0.00000000
  100     0.00000000
  101     0.00000000
  102     0.00000000
  103     0.00000000
  104     0.00000000
  105     0.00000000
  106     0.00000000
  107     0.00000000
  108     0.00000000
  109     0.00000000
  110     0.00000000
  111     0.00000000
  112     0.00000000
  113     0.00000000
  114     0.00000000
  115     0.00000000
  116     0.00000000
  117     0.00000000
  118     0.00000000
  119     0.00000000
  120     0.00000000
  121     0.00000000
  122     0.00000000
  123     0.00000000
  124     0.00000000
  125     0.00000000
  126     0.00000000
  127     0.00000000
  128     0.00000000
  129     0.00000000
  130     0.00000000
  131     0.00000000
  132     0.00000000
  133     0.00000000
  134     0.00000000
  135     0.00000000
  136     0.00000000
  137     0.00000000
  138     0.00000000
  139     0.00000000
  140     0.00000000
  141     0.00000000
  142     0.00000000
  143     0.00000000
  144     0.00000000
  145     0.00000000
  146     0.00000000
  147     0.00000000
  148     0.00000000
  149     0.00000000
  150     0.00000000
  151     0.00000000
  152     0.00000000
  153     0.00000000
  154     0.00000000
  155     0.00000000
  156     0.00000000
  157     0.00000000
  158     0.00000000
  159     0.00000000
  160     0.00000000
  161     0.00000000
  162     0.00000000
  163     0.00000000
  164     0.00000000
  165     0.00000000
  166     0.00000000
  167     0.00000000
  168     0.00000000
  169     0.00000000
  170     0.00000000
  171     0.00000000
  172     0.00000000
  173     0.00000000
  174     0.00000000
  175     0.00000000
  176     0.00000000
  177     0.00000000
  178     0.00000000
  179     0.00000000
  180     0.00000000
  181     0.00000000
  182     0.00000000
  183     0.00000000
  184     0.00000000
  185     0.00000000
  186     0.00000000
  187     0.00000000
  188     0.03142952
  189    -0.00125691
  190    -0.00125145
  191    -0.00124268
  192    -0.00123090
  193     0.06315494
  194    -0.00377360
  195    -0.00374308
  196    -0.00370377
  197    -0.00365645
  198    -0.00360186
  199    -0.00354071
  200    -0.00347368
  201    -0.00340141
  202    -0.00332451
  203    -0.00324357
  204    -0.00315912
  205    -0.00307168
  206    -0.00298173
  207    -0.00288974
  208    -0.00279612
  209    -0.00270129
  210    -0.00260561
  211    -0.00250943
  212    -0.00241307
  213    -0.00231683
  214    -0.00222099
  215    -0.00212581
  216    -0.00203151
  217    -0.00193831
  218    -0.00184640
  219    -0.00175596
  220    -0.00166714
  221    -0.00158009
  222    -0.00149493
  223    -0.00141177
  224    -0.00133070
  225    -0.00125181
  226    -0.00117516
  227    -0.00110082
  228    -0.00102884
  229    -0.00095923
  230    -0.00089204
  231    -0.00082728
  232    -0.00076496
  233    -0.00070508
  234    -0.00064763
  235    -0.00059260
  236    -0.00053997
  237    -0.00048971
  238    -0.00044180
  239    -0.00039619
  240    -0.00035286
  241    -0.00031175
  242    -0.00027282
  243    -0.00023603
  244    -0.00020131
  245    -0.00016862
  246    -0.00013790
  247    -0.00010909
  248    -0.00008213
  249    -0.00005696
  250    -0.00003353
  251    -0.00001177
  252     0.00000838
  253     0.00002699
  254     0.00004411
  255     0.00005981
  256     0.00007414
  257     0.00008717
  258     0.00009896
  259     0.00010957
  260     0.00011904
  261     0.00012745
  262     0.00013485
  263     0.00014129
  264     0.00014682
  265     0.00015150
  266     0.00015538
  267     0.00015850
  268     0.00016092
  269     0.00016267
  270     0.00016382
  271     0.00016439
  272     0.00016443
  273     0.00016398
  274     0.00016307
  275     0.00016175
  276     0.00016005
  277     0.00015801
  278     0.00015565
  279     0.00015301
  280     0.00015011
  281     0.02110000
  282    -0.00069427
  283    -0.00069413
  284    -0.00069194
  285    -0.00068786
  286    -0.00068205
  287    -0.00067466
  288    -0.00066582
  289    -0.00065568
  290    -0.00064435
  291    -0.00063198
  292    -0.00061866
  293    -0.00060452
  294    -0.00058965
  295    -0.00057415
  296    -0.00055812
  297    -0.00054165
  298    -0.00052482
  299    -0.00050770
  300    -0.00049037
  301    -0.00047289
  302    -0.00045534
  303    -0.00043775
  304    -0.00042020
  305    -0.00040273
  306    -0.00038538
  307    -0.00036820
  308    -0.00035123
  309    -0.00033449
  310    -0.00031803
  311    -0.00030187
  312    -0.00028604
  313    -0.00027055
  314    -0.00025543
  315    -0.00024069
  316    -0.00022636
  317    -0.00021243
  318    -0.00019893
  319    -0.00018586
  320    -0.00017322
  321    -0.00016102
  322    -0.00014927
  323    -0.00013797
  324    -0.00012710
  325    -0.00011668
  326    -0.00010671
  327    -0.00009717
  328     0.06474674
  329    -0.00267221
  330    -0.00265268
  331    -0.00262676
  332    -0.00259500
  333    -0.00255795
  334    -0.00251611
  335    -0.00246997
  336    -0.00241999
  337     0.02744570
  338    -0.00350248
  339    -0.00343834
  340    -0.00336884
  341    -0.00329461
  342    -0.00321621
  343    -0.00313420
  344    -0.00304908
  345    -0.00296136
  346    -0.00287147
  347    -0.00277987
  348    -0.00268693
  349    -0.00259305
  350    -0.00249858
  351    -0.00240382
  352    -0.00230910
  353    -0.00221468
  354    -0.00212083
  355    -0.00202778
  356    -0.00193574
  357    -0.00184492
  358    -0.00175548
  359    -0.00166760
  360    -0.00158140
  361    -0.00149703
  362    -0.00141459
  363    -0.00133419
  364    -0.00125590
  365    -0.00117980
  366    -0.00110595
  367    -0.00103439
  368    -0.00096518
  369    -0.00089833
  370    -0.00083387
  371    -0.00077180
  372    -0.00071213
  373    -0.00065486
  374     0.02784372
  375    -0.00168495
  376    -0.00162983
  377    -0.00157404
  378    -0.00151779
  379    -0.00146129
  380    -0.00140473
  381    -0.00134827
  382    -0.00129208
  383    -0.00123630
  384    -0.00118107
  385    -0.00112651
  386    -0.00107273
  387    -0.00101983
  388    -0.00096790
  389    -0.00091702
  390    -0.00086727
  391    -0.00081870
  392    -0.00077138
  393    -0.00072534
  394    -0.00068063
  395    -0.00063727
  396    -0.00059530
  397    -0.00055474
  398    -0.00051560
  399    -0.00047788
  400    -0.00044159
  401    -0.00040674
  402    -0.00037331
  403    -0.00034130
  404    -0.00031070
  405    -0.00028148
  406    -0.00025364
  407    -0.00022715
  408    -0.00020199
  409    -0.00017813
  410    -0.00015554
  411    -0.00013420
  412    -0.00011407
  413    -0.00009512
  414    -0.00007732
  415    -0.00006064
  416    -0.00004504
  417    -0.00003048
  418     0.02401849
  419    -0.00096557
  420    -0.00094975
  421     0.02056549
  422    -0.00177316
  423    -0.00174925
  424    -0.00172196
  425    -0.00169163
  426    -0.00165857
  427    -0.00162309
  428    -0.00158548
  429    -0.00154601
  430    -0.00150493
  431    -0.00146249
  432    -0.00141893
  433    -0.00137444
  434    -0.00132924
  435    -0.00128351
  436    -0.00123743
  437    -0.00119116
  438    -0.00114486
  439    -0.00109865
  440    -0.00105268
  441     0.02178077
  442    -0.00187321
  443    -0.00182465
  444    -0.00177434
  445    -0.00172257
  446    -0.00166961
  447    -0.00161569
  448    -0.00156105
  449    -0.00150591
  450    -0.00145047
  451    -0.00139492
  452    -0.00133943
  453    -0.00128415
  454    -0.00122925
  455    -0.00117484
  456    -0.00112106
  457    -0.00106802
  458    -0.00101582
  459    -0.00096455
  460    -0.00091429
  461    -0.00086511
  462    -0.00081709
  463    -0.00077027
  464    -0.00072470
  465    -0.00068042
  466    -0.00063748
  467     0.03831542
  468    -0.00211178
  469    -0.00206618
  470    -0.00201790
  471    -0.00196729
  472    -0.00191466
  473    -0.00186033
  474    -0.00180459
  475    -0.00174771
  476    -0.00168994
  477    -0.00163152
  478    -0.00157268
  479    -0.00151362
  480    -0.00145453
  481    -0.00139559
  482    -0.00133696
  483    -0.00127880
  484    -0.00122124
  485    -0.00116440
  486    -0.00110841
  487    -0.00105336
  488    -0.00099934
  489    -0.00094644
  490    -0.00089472
  491    -0.00084427
  492    -0.00079511
  493    -0.00074732
  494    -0.00070091
  495    -0.00065594
  496    -0.00061241
  497     0.03603448
  498    -0.00199367
  499    -0.00194824
  500    -0.00190045
  501    -0.00185064
  502    -0.00179911
  503     0.03238604
  504    -0.00305697
  505    -0.00299595
  506    -0.00293066
  507    -0.00286161
  508    -0.00278929
  509    -0.00271416
  510    -0.00263666
  511    -0.00255719
  512    -0.00247614
  513    -0.00239387
  514     0.03110877
  515    -0.00356348
  516    -0.00347367
  517    -0.00338033
  518    -0.00328403
  519    -0.00318526
  520    -0.00308450
  521    -0.00298221
  522    -0.00287880
  523    -0.00277466
  524    -0.00267016
  525    -0.00256564
  526    -0.00246140
  527    -0.00235774
  528    -0.00225492
  529     0.01323819
  530    -0.00266825
  531    -0.00256663
  532    -0.00246507
  533    -0.00236388
  534    -0.00226332
  535    -0.00216364
  536    -0.00206508
  537    -0.00196783
  538    -0.00187210
  539    -0.00177805
  540    -0.00168582
  541    -0.00159557
  542    -0.00150740
  543    -0.00142142
  544    -0.00133772
  545    -0.00125637
  546    -0.00117745
  547    -0.00110099
  548    -0.00102704
  549    -0.00095564
  550    -0.00088679
  551    -0.00082051
  552    -0.00075681
  553    -0.00069567
  554    -0.00063709
  555    -0.00058105
  556    -0.00052751
  557    -0.00047646
  558    -0.00042784
  559    -0.00038163
  560    -0.00033778
  561     0.01506336
  562    -0.00087122
  563     0.02664446
  564    -0.00189106
  565    -0.00184769
  566    -0.00180211
  567    -0.00175463
  568    -0.00170554
  569    -0.00165509
  570    -0.00160355
  571    -0.00155114
  572    -0.00149810
  573    -0.00144462
  574    -0.00139089
  575    -0.00133710
  576    -0.00128340
  577    -0.00122996
  578     0.01149312
  579    -0.00163106
  580    -0.00157695
  581    -0.00152225
  582    -0.00146718
  583    -0.00141191
  584    -0.00135663
  585    -0.00130150
  586    -0.00124667
  587    -0.00119229
  588    -0.00113848
  589    -0.00108536
  590    -0.00103304
  591     0.01278486
  592    -0.00148168
  593    -0.00142987
  594    -0.00137774
  595    -0.00132546
  596    -0.00127320
  597    -0.00122111
  598     0.02208245
  599    -0.00204787
  600    -0.00199305
  601    -0.00193647
  602    -0.00187842
  603    -0.00181918
  604    -0.00175902
  605    -0.00169819
  606    -0.00163692
  607    -0.00157542
  608    -0.00151390
  609    -0.00145253
  610    -0.00139149
  611    -0.00133094
  612    -0.00127101
  613    -0.00121184
  614    -0.00115355
  615    -0.00109623
  616    -0.00104000
  617    -0.00098493
  618    -0.00093110
  619    -0.00087857
  620    -0.00082741
  621    -0.00077766
  622    -0.00072935
  623    -0.00068254
  624    -0.00063724
  625    -0.00059346
  626    -0.00055124
  627     0.01000254
  628    -0.00089189
  629    -0.00085251
  630    -0.00081357
  631    -0.00077516
  632    -0.00073736
  633    -0.00070022
  634    -0.00066381
  635     0.02254449
  636    -0.00152009
  637    -0.00148213
  638    -0.00144265
  639    -0.00140187
  640    -0.00136001
  641    -0.00131728
  642    -0.00127387
  643    -0.00122996
  644    -0.00118572
  645    -0.00114131
  646    -0.00109687
  647    -0.00105253
  648    -0.00100842
  649    -0.00096465
  650    -0.00092132
  651    -0.00087854
  652    -0.00083638
  653    -0.00079493
  654    -0.00075425
  655    -0.00071441
  656    -0.00067545
  657    -0.00063744
  658    -0.00060041
  659    -0.00056439
  660    -0.00052942
  661    -0.00049553
  662    -0.00046272
  663    -0.00043102
  664    -0.00040044
  665    -0.00037097
  666    -0.00034264
  667    -0.00031543
  668    -0.00028933
  669    -0.00026436
  670    -0.00024048
  671    -0.00021769
  672    -0.00019598
  673    -0.00017533
  674     0.03147812
  675     0.03149415
  676    -0.00269469
  677    -0.00266353
  678    -0.00262682
  679    -0.00258510
  680    -0.00253887
  681    -0.00248859
  682    -0.00243474
  683    -0.00237773
  684    -0.00231798
  685    -0.00225587
  686    -0.00219176
  687    -0.00212599
  688     0.01613357
  689    -0.00271828
  690    -0.00264622
  691    -0.00257176
  692    -0.00249529
  693    -0.00241720
  694    -0.00233784
  695    -0.00225754
  696    -0.00217661
  697    -0.00209534
  698    -0.00201400
  699     0.01796264
  700    -0.00264770
  701    -0.00256408
  702    -0.00247917
  703    -0.00239332
  704    -0.00230686
  705    -0.00222009
  706    -0.00213328
  707    -0.00204671
  708    -0.00196061
  709    -0.00187520
  710    -0.00179068
  711    -0.00170723
  712    -0.00162503
  713     0.00986366
  714    -0.00192114
  715    -0.00184151
  716    -0.00176243
  717    -0.00168410
  718    -0.00160670
  719    -0.00153037
  720    -0.00145527
  721    -0.00138153
  722    -0.00130927
  723    -0.00123858
  724    -0.00116955
  725     0.01717002
  726    -0.00176754
  727    -0.00170077
  728    -0.00163399
  729    -0.00156742
  730     0.01393952
  731    -0.00205308
  732    -0.00198545
  733    -0.00191704
  734    -0.00184811
  735    -0.00177891
  736    -0.00170967
  737    -0.00164058
  738    -0.00157184
  739    -0.00150364
  740    -0.00143613
  741    -0.00136946
  742    -0.00130376
  743    -0.00123916
  744    -0.00117577
  745    -0.00111367
  746    -0.00105297
  747     0.00954648
  748    -0.00135753
  749    -0.00129957
  750    -0.00124213
  751    -0.00118534
  752    -0.00112933
  753    -0.00107421
  754    -0.00102006
  755    -0.00096697
  756    -0.00091503
  757    -0.00086430
  758    -0.00081483
  759    -0.00076669
  760     0.01757183
  761    -0.00140604
  762    -0.00135891
  763    -0.00131130
  764    -0.00126341
  765    -0.00121538
  766    -0.00116738
  767    -0.00111954
  768    -0.00107200
  769    -0.00102486
  770     0.02420456
  771    -0.00193936
  772    -0.00188970
  773    -0.00183818
  774    -0.00178511
  775    -0.00173075
  776    -0.00167537
  777    -0.00161920
  778    -0.00156247
  779    -0.00150539
  780    -0.00144816
  781    -0.00139096
  782    -0.00133395
  783     0.02170286
  784    -0.00214014
  785    -0.00208061
  786    -0.00201940
  787    -0.00195682
  788    -0.00189317
  789    -0.00182871
  790    -0.00176370
  791    -0.00169836
  792    -0.00163293
  793     0.00516459
  794    -0.00177178
  795    -0.00170602
  796    -0.00164017
  797    -0.00157443
  798     0.01536732
  799    -0.00211891
  800    -0.00205163
  801    -0.00198334
  802    -0.00191433
  803    -0.00184486
  804    -0.00177516
  805     0.00566052
  806    -0.00193055
  807    -0.00186018
  808    -0.00178960
  809    -0.00171905
  810    -0.00164873
  811    -0.00157884
  812    -0.00150954
  813    -0.00144100
  814    -0.00137336
  815    -0.00130676
  816     0.01256930
  817    -0.00172944
  818    -0.00166421
  819    -0.00159897
  820     0.01543298
  821    -0.00214777
  822    -0.00208066
  823    -0.00201246
  824    -0.00194344
  825    -0.00187386
  826     0.01118319
  827    -0.00225342
  828    -0.00218136
  829    -0.00210827
  830    -0.00203445
  831    -0.00196017
  832    -0.00188569
  833    -0.00181125
  834    -0.00173705
  835     0.01260822
  836    -0.00216095
  837    -0.00208617
  838    -0.00201086
  839    -0.00193526
  840    -0.00185965
  841     0.00279820
  842    -0.00189246
  843    -0.00181725
  844    -0.00174233
  845    -0.00166789
  846    -0.00159414
  847     0.01255377
  848    -0.00201219
  849    -0.00193897
  850    -0.00186552
  851    -0.00179209
  852    -0.00171889
  853    -0.00164612
  854    -0.00157397
  855    -0.00150260
  856    -0.00143217
  857     0.01434643
  858    -0.00192288
  859    -0.00185329
  860    -0.00178347
  861     0.00593578
  862    -0.00194989
  863    -0.00187930
  864    -0.00180847
  865    -0.00173762
  866    -0.00166698
  867    -0.00159673
  868    -0.00152704
  869    -0.00145810
  870    -0.00139003
  871    -0.00132299
  872    -0.00125709
  873    -0.00119244
  874    -0.00112913
  875    -0.00106726
  876     0.00940613
  877    -0.00136454
  878    -0.00130556
  879    -0.00124718
  880    -0.00118950
  881     0.02200486
  882    -0.00200204
  883    -0.00194314
  884    -0.00188292
  885    -0.00182167
  886    -0.00175964
  887     0.00972782
  888    -0.00209111
  889    -0.00202615
  890    -0.00196010
  891    -0.00189322
  892    -0.00182578
  893    -0.00175802
  894    -0.00169017
  895    -0.00162242
  896    -0.00155499
  897     0.01120747
  898    -0.00192943
  899    -0.00186171
  900    -0.00179358
  901    -0.00172528
  902    -0.00165702
  903    -0.00158900
  904    -0.00152141
  905    -0.00145441
  906    -0.00138816
  907     0.00873904
  908    -0.00166084
  909    -0.00159587
  910    -0.00153108
  911    -0.00146664
  912    -0.00140271
  913    -0.00133946
  914    -0.00127701
  915    -0.00121550
  916    -0.00115502
  917    -0.00109569
  918    -0.00103759
  919    -0.00098080
  920     0.01203536
  921    -0.00138974
  922    -0.00133501
  923    -0.00128046
  924    -0.00122623
  925    -0.00117246
  926    -0.00111928
  927    -0.00106679
  928    -0.00101511
  929    -0.00096431
  930    -0.00091450
  931    -0.00086573
  932    -0.00081809
  933    -0.00077161
  934     0.01937145
  935     0.00364866
  936    -0.00164527
  937    -0.00159741
  938    -0.00154843
  939     0.01050120
  940    -0.00192790
  941    -0.00187479
  942    -0.00182013
  943    -0.00176420
  944     0.00984303
  945    -0.00211148
  946    -0.00205124
  947    -0.00198947
  948    -0.00192646
  949    -0.00186250
  950    -0.00179785
  951    -0.00173275
  952     0.01015798
  953    -0.00207502
  954    -0.00200781
  955    -0.00193973
  956    -0.00187104
  957    -0.00180199
  958    -0.00173281
  959    -0.00166372
  960    -0.00159491
  961    -0.00152657
  962    -0.00145887
  963     0.01374355
  964    -0.00193125
  965    -0.00186368
  966    -0.00179569
  967    -0.00172751
  968    -0.00165935
  969    -0.00159143
  970    -0.00152391
  971    -0.00145698
  972     0.00854697
  973    -0.00172288
  974    -0.00165683
  975     0.01219740
  976    -0.00207656
  977    -0.00200890
  978    -0.00194039
  979    -0.00187130
  980    -0.00180188
  981     0.00767415
  982    -0.00203914
  983    -0.00196841
  984    -0.00189718
  985    -0.00182571
  986    -0.00175422
  987    -0.00168294
  988    -0.00161204
  989     0.00511475
  990    -0.00173834
  991    -0.00166849
  992    -0.00159898
  993     0.00765926
  994    -0.00182912
  995    -0.00176002
  996    -0.00169091
  997    -0.00162201
  998     0.00715241
  999    -0.00183373
 1000    -0.00176501
 1001    -0.00169624
 1002    -0.00162764
 1003    -0.00155939
 1004    -0.00149167
 1005    -0.00142464
 1006     0.01935370
 1007    -0.00212155
 1008    -0.00205382
 1009    -0.00198512
 1010     0.00236202
 1011    -0.00201696
 1012    -0.00194618
 1013    -0.00187497
 1014    -0.00180358
 1015    -0.00173224
 1016     0.00216840
 1017    -0.00174365
 1018    -0.00167296
 1019    -0.00160264
 1020    -0.00153288
 1021    -0.00146385
 1022    -0.00139569
 1023    -0.00132854
 1024     0.00973489
 1025    -0.00163755
 1026    -0.00157220
 1027    -0.00150713
 1028    -0.00144251
 1029    -0.00137848
 1030    -0.00131521
 1031    -0.00125281
 1032    -0.00119141
 1033    -0.00113112
 1034    -0.00107203
 1035    -0.00101422
 1036    -0.00095777
 1037    -0.00090274
 1038    -0.00084920
 1039    -0.00079718
 1040    -0.00074672
 1041     0.01048303
 1042    -0.00109776
 1043    -0.00105022
 1044     0.00607383
 1045    -0.00123969
 1046    -0.00119265
 1047    -0.00114562
 1048    -0.00109875
 1049     0.00640152
 1050    -0.00130406
 1051    -0.00125708
 1052    -0.00120992
 1053    -0.00116273
 1054    -0.00111566
 1055    -0.00106884
 1056     0.00091488
 1057     0.00109864
 1058     0.00344556
 1059    -0.00123014
 1060    -0.00118404
 1061    -0.00113791
 1062    -0.00109190
 1063    -0.00104612
 1064    -0.00100069
 1065    -0.00095573
 1066     0.00602155
 1067    -0.00114484
 1068    -0.00110062
 1069    -0.00105648
 1070    -0.00101254
 1071    -0.00096891
 1072    -0.00092571
 1073    -0.00088302
 1074     0.01594425
 1075    -0.00147081
 1076    -0.00142725
 1077     0.00547809
 1078    -0.00161188
 1079    -0.00156490
 1080    -0.00151683
 1081    -0.00146789
 1082    -0.00141829
 1083    -0.00136824
 1084    -0.00131790
 1085    -0.00126746
 1086    -0.00121708
 1087    -0.00116689
 1088    -0.00111702
 1089     0.00893096
 1090     0.00743931
 1091    -0.00172297
 1092    -0.00167123
 1093     0.00514150
 1094    -0.00183518
 1095    -0.00177981
 1096    -0.00172335
 1097    -0.00166604
 1098     0.00643782
 1099    -0.00187157
 1100    -0.00181167
 1101    -0.00175092
 1102    -0.00168956
 1103    -0.00162783
 1104    -0.00156594
 1105    -0.00150407
 1106    -0.00144242
 1107    -0.00138115
 1108    -0.00132041
 1109    -0.00126034
 1110    -0.00120107
 1111    -0.00114272
 1112    -0.00108539
 1113    -0.00102917
 1114     0.00749002
 1115    -0.00125887
 1116    -0.00120497
 1117    -0.00115157
 1118    -0.00109879
 1119    -0.00104673
 1120    -0.00099551
 1121     0.00710191
 1122     0.00610216
 1123    -0.00146079
 1124     0.00644626
 1125    -0.00167336
 1126    -0.00162083
 1127    -0.00156746
 1128    -0.00151347
 1129     0.00515631
 1130    -0.00166901
 1131    -0.00161321
 1132    -0.00155683
 1133    -0.00150010
 1134    -0.00144321
 1135    -0.00138633
 1136     0.00916301
 1137     0.00560776
 1138    -0.00192716
 1139    -0.00186771
 1140     0.00619529
 1141    -0.00206594
 1142    -0.00200270
 1143    -0.00193831
 1144    -0.00187303
 1145     0.01094851
 1146    -0.00225096
 1147    -0.00218230
 1148    -0.00211236
 1149    -0.00204143
 1150    -0.00196981
 1151     0.00330060
 1152    -0.00203341
 1153    -0.00196031
 1154    -0.00188692
 1155     0.00691808
 1156    -0.00208940
 1157    -0.00201498
 1158    -0.00194021
 1159    -0.00186533
 1160     0.00092537
 1161    -0.00182478
 1162    -0.00175042
 1163    -0.00167649
 1164    -0.00160317
 1165    -0.00153064
 1166    -0.00145904
 1167    -0.00138853
 1168    -0.00131923
 1169    -0.00125124
 1170     0.00843993
 1171    -0.00150454
 1172    -0.00143942
 1173    -0.00137495
 1174    -0.00131127
 1175    -0.00124851
 1176    -0.00118679
 1177    -0.00112621
 1178    -0.00106687
 1179    -0.00100884
 1180    -0.00095221
 1181     0.01475618
 1182     0.00851333
 1183    -0.00181374
 1184    -0.00175711
 1185     0.00958720
 1186    -0.00209267
 1187    -0.00203199
 1188    -0.00196986
 1189     0.00341914
 1190    -0.00205542
 1191    -0.00198973
 1192    -0.00192310
 1193    -0.00185580
 1194    -0.00178808
 1195    -0.00172017
 1196     0.01390667
 1197     0.00071756
 1198    -0.00225387
 1199    -0.00218236
 1200    -0.00210979
 1201    -0.00203643
 1202    -0.00196258
 1203    -0.00188849
 1204     0.00376984
 1205    -0.00196383
 1206    -0.00188940
 1207    -0.00181499
 1208    -0.00174081
 1209    -0.00166708
 1210    -0.00159397
 1211     0.00428933
 1212    -0.00168268
 1213    -0.00161140
 1214     0.01090332
 1215    -0.00196847
 1216    -0.00189732
 1217    -0.00182591
 1218    -0.00175449
 1219    -0.00168325
 1220    -0.00161241
 1221    -0.00154213
 1222    -0.00147259
 1223    -0.00140394
 1224    -0.00133631
 1225     0.01270252
 1226    -0.00176336
 1227    -0.00169706
 1228     0.00324192
 1229    -0.00175944
 1230    -0.00169280
 1231    -0.00162617
 1232    -0.00155975
 1233    -0.00149372
 1234    -0.00142825
 1235    -0.00136349
 1236    -0.00129958
 1237    -0.00123664
 1238    -0.00117479
 1239     0.00485000
 1240    -0.00129325
 1241    -0.00123419
 1242    -0.00117593
 1243    -0.00111858
 1244    -0.00106224
 1245    -0.00100701
 1246    -0.00095297
 1247     0.00522445
 1248    -0.00109364
 1249    -0.00104248
 1250    -0.00099209
 1251    -0.00094256
 1252    -0.00089398
 1253     0.01191653
 1254     0.00545696
 1255    -0.00153342
 1256     0.00553573
 1257    -0.00171569
 1258    -0.00166436
 1259    -0.00161197
 1260     0.00069000
 1261    -0.00159488
 1262    -0.00154028
 1263    -0.00148524
 1264    -0.00142994
 1265    -0.00137459
 1266     0.00209182
 1267     0.01131932
 1268    -0.00185428
 1269    -0.00179707
 1270    -0.00173885
 1271    -0.00167987
 1272    -0.00162036
 1273    -0.00156055
 1274     0.00777934
 1275    -0.00181189
 1276    -0.00175067
 1277    -0.00168889
 1278    -0.00162677
 1279    -0.00156451
 1280    -0.00150232
 1281    -0.00144037
 1282    -0.00137883
 1283    -0.00131785
 1284     0.00449780
 1285    -0.00142827
 1286    -0.00136874
 1287    -0.00130966
 1288     0.00951775
 1289    -0.00162402
 1290    -0.00156518
 1291    -0.00150614
 1292    -0.00144709
 1293    -0.00138821
 1294    -0.00132967
 1295     0.01130010
 1296    -0.00171691
 1297    -0.00165801
 1298    -0.00159864
 1299    -0.00153902
 1300    -0.00147934
 1301    -0.00141977
 1302    -0.00136050
 1303    -0.00130167
 1304    -0.00124342
 1305    -0.00118589
 1306    -0.00112918
 1307     0.01413221
 1308     0.00384327
 1309    -0.00178924
 1310     0.00196701
 1311    -0.00182112
 1312    -0.00176151
 1313    -0.00170119
 1314    -0.00164038
 1315     0.00364747
 1316    -0.00172716
 1317    -0.00166522
 1318    -0.00160301
 1319    -0.00154075
 1320     0.00219215
 1321     0.00595853
 1322    -0.00180244
 1323    -0.00173937
 1324    -0.00167591
 1325    -0.00161228
 1326    -0.00154866
 1327    -0.00148526
 1328     0.00267871
 1329    -0.00152378
 1330    -0.00146128
 1331    -0.00139917
 1332    -0.00133760
 1333    -0.00127671
 1334     0.00326779
 1335    -0.00133684
 1336    -0.00127795
 1337     0.00090060
 1338    -0.00124706
 1339    -0.00119014
 1340    -0.00113399
 1341    -0.00107871
 1342    -0.00102441
 1343    -0.00097118
 1344    -0.00091908
 1345    -0.00086820
 1346    -0.00081858
 1347     0.01694356
 1348    -0.00143176
 1349    -0.00138315
 1350     0.00225677
 1351    -0.00142842
 1352    -0.00137841
 1353    -0.00132810
 1354    -0.00127764
 1355    -0.00122721
 1356    -0.00117695
 1357    -0.00112700
 1358    -0.00107747
 1359     0.00649072
 1360    -0.00128087
 1361    -0.00123198
 1362    -0.00118313
 1363    -0.00113446
 1364    -0.00108610
 1365    -0.00103817
 1366    -0.00099079
 1367     0.00329648
 1368    -0.00106762
 1369    -0.00102168
 1370    -0.00097618
 1371    -0.00093122
 1372     0.00347385
 1373     0.00756140
 1374    -0.00131721
 1375     0.00660220
 1376    -0.00154242
 1377    -0.00149575
 1378    -0.00144818
 1379     0.00026461
 1380    -0.00141769
 1381    -0.00136829
 1382    -0.00131857
 1383    -0.00126870
 1384    -0.00121883
 1385    -0.00116912
 1386     0.00324677
 1387    -0.00124529
 1388     0.00229598
 1389    -0.00128662
 1390    -0.00123725
 1391    -0.00118793
 1392     0.00234337
 1393    -0.00122930
 1394    -0.00118036
 1395    -0.00113162
 1396    -0.00108321
 1397     0.00671549
 1398    -0.00129779
 1399    -0.00124968
 1400     0.00532649
 1401    -0.00141446
 1402    -0.00136543
 1403    -0.00131606
 1404     0.00673228
 1405    -0.00153684
 1406    -0.00148602
 1407    -0.00143464
 1408    -0.00138288
 1409    -0.00133093
 1410     0.00493166
 1411    -0.00147549
 1412    -0.00142285
 1413     0.00691630
 1414    -0.00164839
 1415    -0.00159409
 1416    -0.00153917
 1417    -0.00148383
 1418    -0.00142827
 1419    -0.00137267
 1420    -0.00131720
 1421    -0.00126201
 1422     0.00040718
 1423     0.00984518
 1424    -0.00160621
 1425    -0.00155109
 1426    -0.00149554
 1427    -0.00143974
 1428    -0.00138389
 1429     0.00256663
 1430    -0.00142845
 1431    -0.00137273
 1432    -0.00131714
 1433    -0.00126185
 1434    -0.00120699
 1435     0.00396977
 1436    -0.00130393
 1437    -0.00125022
 1438    -0.00119686
 1439    -0.00114397
 1440    -0.00109170
 1441     0.00236048
 1442    -0.00112537
 1443    -0.00107492
 1444    -0.00102509
 1445    -0.00097599
 1446    -0.00092770
 1447     0.00967697
 1448    -0.00125609
 1449     0.01102297
 1450    -0.00165079
 1451    -0.00160155
 1452    -0.00155127
 1453    -0.00150020
 1454    -0.00144853
 1455    -0.00139647
 1456    -0.00134420
 1457    -0.00129189
 1458     0.01161668
 1459     0.00004632
 1460    -0.00171808
 1461     0.00607822
 1462    -0.00191711
 1463    -0.00185953
 1464    -0.00180078
 1465     0.00310212
 1466    -0.00187451
 1467    -0.00181293
 1468    -0.00175063
 1469    -0.00168784
 1470     0.00104534
 1471    -0.00166847
 1472    -0.00160503
 1473    -0.00154163
 1474    -0.00147844
 1475    -0.00141564
 1476    -0.00135339
 1477     0.00188635
 1478    -0.00135818
 1479    -0.00129782
 1480    -0.00123817
 1481    -0.00117936
 1482    -0.00112149
 1483     0.00656533
 1484    -0.00131411
 1485     0.00200541
 1486    -0.00133351
 1487    -0.00127824
 1488    -0.00122335
 1489     0.00283065
 1490    -0.00127519
 1491    -0.00122152
 1492    -0.00116827
 1493    -0.00111559
 1494     0.00811710
 1495    -0.00137948
 1496    -0.00132751
 1497     0.00272227
 1498    -0.00138358
 1499    -0.00133133
 1500     0.00133752
 1501    -0.00133164
 1502    -0.00127939
 1503    -0.00122729
 1504    -0.00117549
 1505     0.00655140
 1506    -0.00138024
 1507    -0.00132873
 1508     0.00381527
 1509    -0.00142938
 1510    -0.00137730
 1511    -0.00132506
 1512     0.00009377
 1513    -0.00127545
 1514    -0.00122347
 1515    -0.00117180
 1516    -0.00112055
 1517    -0.00106985
 1518     0.00279851
 1519    -0.00112322
 1520     0.00394558
 1521    -0.00122627
 1522    -0.00117745
 1523    -0.00112882
 1524    -0.00108051
 1525    -0.00103265
 1526    -0.00098535
 1527    -0.00093869
 1528    -0.00089278
 1529    -0.00084768
 1530    -0.00080348
 1531     0.00775938
 1532    -0.00105871
 1533    -0.00101605
 1534    -0.00097361
 1535     0.00503945
 1536    -0.00112856
 1537    -0.00108633
 1538    -0.00104406
 1539    -0.00100190
 1540     0.01027459
 1541    -0.00136759
 1542    -0.00132443
 1543    -0.00128060
 1544    -0.00123628
 1545    -0.00119165
 1546     0.00421455
 1547    -0.00131644
 1548    -0.00127081
 1549    -0.00122486
 1550    -0.00117874
 1551    -0.00113262
 1552     0.00227439
 1553    -0.00117528
 1554     0.00318658
 1555    -0.00125607
 1556    -0.00120973
 1557    -0.00116330
 1558    -0.00111693
 1559    -0.00107075
 1560    -0.00102488
 1561    -0.00097944
 1562     0.00157840
 1563     0.00615272
 1564    -0.00123238
 1565     0.00604091
 1566    -0.00143182
 1567    -0.00138567
 1568     0.00703504
 1569    -0.00162658
 1570    -0.00157766
 1571    -0.00152775
 1572    -0.00147708
 1573    -0.00142585
 1574    -0.00137427
 1575    -0.00132251
 1576    -0.00127074
 1577    -0.00121910
 1578    -0.00116776
 1579    -0.00111683
 1580    -0.00106643
 1581    -0.00101668
 1582    -0.00096767
 1583    -0.00091949
 1584     0.00395894
 1585     0.00444635
 1586    -0.00119165
 1587     0.00698294
 1588    -0.00142396
 1589    -0.00137647
 1590     0.00368358
 1591    -0.00148062
 1592    -0.00143130
 1593    -0.00138146
 1594    -0.00133129
 1595     0.00853634
 1596     0.00588971
 1597    -0.00187181
 1598     0.00391608
 1599    -0.00199194
 1600    -0.00193464
 1601     0.00076190
 1602    -0.00192159
 1603    -0.00186043
 1604    -0.00179838
 1605    -0.00173567
 1606     0.00490607
 1607    -0.00187234
 1608    -0.00180790
 1609     0.00069698
 1610    -0.00177535
 1611    -0.00170967
 1612     0.00332220
 1613    -0.00177680
 1614    -0.00171053
 1615    -0.00164420
 1616    -0.00157799
 1617    -0.00151211
 1618     0.00250083
 1619    -0.00153985
 1620     0.00221885
 1621    -0.00155882
 1622    -0.00149471
 1623    -0.00143101
 1624    -0.00136788
 1625    -0.00130546
 1626    -0.00124388
 1627    -0.00118327
 1628     0.00921760
 1629    -0.00147891
 1630     0.00396026
 1631    -0.00157646
 1632    -0.00151724
 1633    -0.00145798
 1634     0.00644046
 1635    -0.00165361
 1636    -0.00159393
 1637    -0.00153403
 1638     0.00605923
 1639     0.00097508
 1640    -0.00176245
 1641    -0.00170090
 1642    -0.00163896
 1643    -0.00157684
 1644     0.00439158
 1645    -0.00168903
 1646    -0.00162647
 1647    -0.00156381
 1648    -0.00150124
 1649    -0.00143895
 1650     0.00525273
 1651    -0.00158096
 1652    -0.00151927
 1653    -0.00145773
 1654    -0.00139652
 1655    -0.00133579
 1656    -0.00127568
 1657    -0.00121633
 1658    -0.00115786
 1659    -0.00110037
 1660     0.00218362
 1661    -0.00111780
 1662    -0.00106323
 1663    -0.00100963
 1664    -0.00095709
 1665     0.00220010
 1666    -0.00097967
 1667    -0.00093017
 1668    -0.00088166
 1669    -0.00083419
 1670     0.00202270
 1671    -0.00085504
 1672    -0.00081057
 1673    -0.00076706
 1674    -0.00072456
 1675    -0.00068312
 1676     0.00397592
 1677    -0.00078830
 1678    -0.00074947
 1679    -0.00071136
 1680     0.00541903
 1681    -0.00088115
 1682    -0.00084444
 1683     0.00451864
 1684    -0.00098492
 1685    -0.00094834
 1686     0.00120676
 1687    -0.00095987
 1688    -0.00092311
 1689    -0.00088638
 1690    -0.00084980
 1691     0.00813522
 1692    -0.00113532
 1693     0.00364164
 1694    -0.00125013
 1695    -0.00121140
 1696     0.00356612
 1697    -0.00132160
 1698    -0.00128054
 1699    -0.00123878
 1700    -0.00119650
 1701    -0.00115387
 1702    -0.00111104
 1703     0.00002336
 1704    -0.00106897
 1705    -0.00102616
 1706    -0.00098353
 1707     0.00160177
 1708    -0.00100099
 1709    -0.00095913
 1710    -0.00091759
 1711    -0.00087647
 1712     0.00188350
 1713    -0.00090457
 1714     0.00205576
 1715    -0.00094213
 1716    -0.00090276
 1717    -0.00086368
 1718    -0.00082500
 1719    -0.00078679
 1720    -0.00074913
 1721     0.00600231
 1722     0.00275318
 1723    -0.00105536
 1724     0.00579107
 1725    -0.00125281
 1726    -0.00121402
 1727    -0.00117456
 1728    -0.00113460
 1729    -0.00109430
 1730    -0.00105379
 1731     0.00244227
 1732     0.00201384
 1733    -0.00119492
 1734    -0.00115336
 1735    -0.00111152
 1736    -0.00106954
 1737     0.00576079
 1738    -0.00125718
 1739    -0.00121439
 1740    -0.00117122
 1741    -0.00112784
 1742     0.00106213
 1743    -0.00112686
 1744     0.00256307
 1745    -0.00118563
 1746    -0.00114172
 1747    -0.00109773
 1748    -0.00105381
 1749    -0.00101008
 1750    -0.00096666
 1751     0.00236222
 1752     0.00396703
 1753    -0.00116923
 1754     0.00491802
 1755    -0.00132485
 1756    -0.00128074
 1757     0.00381947
 1758    -0.00139348
 1759    -0.00134759
 1760    -0.00130117
 1761     0.00795323
 1762    -0.00157566
 1763    -0.00152706
 1764    -0.00147761
 1765    -0.00142751
 1766    -0.00137696
 1767     0.00159258
 1768    -0.00139196
 1769    -0.00134061
 1770    -0.00128916
 1771     0.00090856
 1772     0.00418122
 1773    -0.00143933
 1774    -0.00138743
 1775    -0.00133533
 1776    -0.00128321
 1777     0.00263110
 1778    -0.00133396
 1779    -0.00128199
 1780    -0.00123013
 1781    -0.00117855
 1782     0.00261006
 1783     0.00097479
 1784    -0.00126351
 1785    -0.00121280
 1786     0.00053311
 1787    -0.00118000
 1788    -0.00113008
 1789    -0.00108057
 1790    -0.00103161
 1791    -0.00098328
 1792    -0.00093568
 1793     0.00296757
 1794    -0.00099725
 1795    -0.00095167
 1796     0.00198203
 1797    -0.00097798
 1798    -0.00093401
 1799    -0.00089059
 1800    -0.00084781
 1801     0.00439250
 1802    -0.00097235
 1803     0.00393414
 1804    -0.00108462
 1805    -0.00104326
 1806    -0.00100193
 1807    -0.00096076
 1808    -0.00091984
 1809    -0.00087929
 1810     0.00417488
 1811     0.00070043
 1812    -0.00102834
 1813    -0.00098840
 1814    -0.00094853
 1815     0.00094482
 1816    -0.00094364
 1817    -0.00090434
 1818    -0.00086534
 1819    -0.00082671
 1820    -0.00078856
 1821    -0.00075094
 1822    -0.00071394
 1823    -0.00067762
 1824    -0.00064203
 1825     0.00426494
 1826    -0.00076809
 1827    -0.00073413
 1828    -0.00070056
 1829    -0.00066745
 1830     0.00228705
 1831    -0.00071970
 1832     0.00286125
 1833    -0.00079823
 1834    -0.00076653
 1835    -0.00073495
 1836    -0.00070357
 1837    -0.00067248
 1838    -0.00064175
 1839     0.00669132
 1840    -0.00087363
 1841     0.00055574
 1842    -0.00086822
 1843    -0.00083712
 1844     0.00655071
 1845    -0.00106883
 1846    -0.00103635
 1847    -0.00100325
 1848     0.00337259
 1849    -0.00110942
 1850    -0.00107454
 1851    -0.00103910
 1852    -0.00100327
 1853     0.00347508
 1854    -0.00110856
 1855    -0.00107152
 1856    -0.00103410
 1857    -0.00099644
 1858     0.00075237
 1859    -0.00098933
 1860     0.00043323
 1861    -0.00096888
 1862    -0.00093089
 1863     0.00047610
 1864    -0.00091012
 1865    -0.00087253
 1866    -0.00083519
 1867     0.00980646
 1868    -0.00118572
 1869     0.00166900
 1870    -0.00122201
 1871    -0.00118269
 1872     0.00352342
 1873    -0.00128920
 1874    -0.00124792
 1875    -0.00120606
 1876     0.00861939
 1877    -0.00151249
 1878    -0.00146814
 1879     0.00091903
 1880    -0.00147030
 1881     0.00330700
 1882    -0.00156451
 1883    -0.00151541
 1884    -0.00146552
 1885    -0.00141506
 1886     0.00243393
 1887    -0.00146506
 1888     0.00472071
 1889    -0.00160659
 1890    -0.00155338
 1891    -0.00149959
 1892    -0.00144541
 1893    -0.00139104
 1894    -0.00133665
 1895     0.00247455
 1896    -0.00137871
 1897     0.00256886
 1898    -0.00142623
 1899    -0.00137186
 1900     0.00233351
 1901    -0.00140940
 1902    -0.00135497
 1903    -0.00130063
 1904     0.00743107
 1905    -0.00153988
 1906    -0.00148519
 1907    -0.00143022
 1908    -0.00137517
 1909     0.00248370
 1910    -0.00141759
 1911    -0.00136257
 1912    -0.00130768
 1913    -0.00125304
 1914    -0.00119882
 1915     0.00166999
 1916    -0.00120471
 1917    -0.00115196
 1918    -0.00109979
 1919    -0.00104829
 1920    -0.00099757
 1921    -0.00094773
 1922     0.00262402
 1923     0.00106009
 1924     0.00342050
 1925    -0.00115743
 1926    -0.00111034
 1927     0.00212371
 1928    -0.00114453
 1929    -0.00109802
 1930    -0.00105177
 1931    -0.00100590
 1932    -0.00096050
 1933    -0.00091569
 1934    -0.00087155
 1935    -0.00082815
 1936     0.00543095
 1937    -0.00099251
 1938    -0.00095068
 1939    -0.00090920
 1940     0.00020700
 1941     0.00163844
 1942     0.00146886
 1943    -0.00098687
 1944    -0.00094686
 1945    -0.00027994
 1946    -0.00089266
 1947    -0.00085348
 1948    -0.00081473
 1949     0.00712084
 1950    -0.00105466
 1951     0.00137244
 1952    -0.00107332
 1953    -0.00103442
 1954     0.00091808
 1955    -0.00103289
 1956    -0.00099364
 1957    -0.00095440
 1958     0.00345528
 1959    -0.00105123
 1960    -0.00016655
 1961    -0.00100644
 1962    -0.00096706
 1963     0.00366840
 1964    -0.00107253
 1965    -0.00103299
 1966    -0.00099337
 1967     0.00367697
 1968    -0.00109958
 1969     0.00284039
 1970    -0.00117552
 1971    -0.00113477
 1972    -0.00109374
 1973    -0.00105256
 1974    -0.00101136
 1975    -0.00097028
 1976     0.00078254
 1977    -0.00095737
 1978    -0.00091697
 1979    -0.00087691
 1980    -0.00083727
 1981     0.00174797
 1982    -0.00086143
 1983    -0.00082310
 1984     0.00476415
 1985     0.00215815
 1986    -0.00105722
 1987    -0.00101906
 1988    -0.00098076
 1989     0.00065563
 1990    -0.00096813
 1991    -0.00092985
 1992    -0.00089169
 1993    -0.00085377
 1994     0.00130624
 1995     0.00170648
 1996    -0.00092966
 1997    -0.00089252
 1998    -0.00085554
 1999    -0.00081882
 2000    -0.00078244
 2001    -0.00074649
 2002     0.00065014
 2003    -0.00073059
 2004     0.00300663
 2005    -0.00081024
 2006    -0.00077625
 2007     0.00482878
 2008    -0.00093195
 2009    -0.00089802
 2010    -0.00086399
 2011     0.00303935
 2012    -0.00095080
 2013    -0.00091641
 2014    -0.00088191
 2015     0.00270781
 2016    -0.00095515
 2017    -0.00092030
 2018    -0.00088536
 2019     0.00198372
 2020     0.00107790
 2021     0.00089358
 2022    -0.00101336
 2023    -0.00097749
 2024     0.00313137
 2025    -0.00106816
 2026    -0.00103137
 2027    -0.00099429
 2028     0.00720240
 2029    -0.00124613
 2030     0.00368681
 2031    -0.00136403
 2032    -0.00132343
 2033    -0.00025582
 2034    -0.00128088
 2035    -0.00123808
 2036    -0.00119484
 2037    -0.00115132
 2038    -0.00110768
 2039     0.00087112
 2040    -0.00109795
 2041     0.00069120
 2042    -0.00108078
 2043    -0.00103735
 2044    -0.00099413
 2045    -0.00095122
 2046     0.00286706
 2047     0.00429722
 2048    -0.00118829
 2049    -0.00114561
 2050    -0.00110277
 2051    -0.00105989
 2052    -0.00101710
 2053     0.00358230
 2054     0.00023456
 2055    -0.00112587
 2056     0.00400544
 2057    -0.00124378
 2058     0.00171921
 2059    -0.00127322
 2060    -0.00122880
 2061    -0.00118409
 2062     0.00180424
 2063    -0.00121212
 2064    -0.00116691
 2065    -0.00112166
 2066    -0.00107650
 2067    -0.00001108
 2068    -0.00102777
 2069    -0.00098343
 2070    -0.00093952
 2071     0.00074230
 2072     0.00120364
 2073    -0.00096144
 2074    -0.00091933
 2075    -0.00087767
 2076    -0.00083656
 2077    -0.00079607
 2078    -0.00075627
 2079     0.00158149
 2080    -0.00077096
 2081     0.00430460
 2082    -0.00089764
 2083     0.00347414
 2084    -0.00099684
 2085    -0.00095949
 2086    -0.00092212
 2087     0.00392243
 2088    -0.00104000
 2089    -0.00100236
 2090    -0.00096459
 2091    -0.00092681
 2092     0.00175450
 2093    -0.00095740
 2094    -0.00091978
 2095     0.00115289
 2096    -0.00012030
 2097    -0.00092128
 2098     0.00092819
 2099    -0.00091937
 2100     0.00227760
 2101    -0.00097169
 2102    -0.00093450
 2103    -0.00089734
 2104     0.00048627
 2105    -0.00087741
 2106     0.00352324
 2107    -0.00097887
 2108     0.00277491
 2109    -0.00105394
 2110    -0.00101658
 2111    -0.00097904
 2112    -0.00036388
 2113    -0.00092696
 2114    -0.00009028
 2115    -0.00088410
 2116    -0.00084694
 2117     0.00045491
 2118    -0.00082418
 2119    -0.00078794
 2120    -0.00075210
 2121     0.00266083
 2122     0.00189430
 2123    -0.00089063
 2124    -0.00085567
 2125    -0.00082082
 2126    -0.00078616
 2127    -0.00075179
 2128     0.00021061
 2129     0.00234314
 2130     0.00286921
 2131    -0.00092456
 2132    -0.00089085
 2133     0.00223868
 2134    -0.00094704
 2135    -0.00091282
 2136    -0.00087847
 2137     0.00145469
 2138    -0.00090178
 2139    -0.00086731
 2140    -0.00083286
 2141     0.00029585
 2142    -0.00080822
 2143    -0.00077425
 2144    -0.00074055
 2145     0.00004305
 2146    -0.00070427
 2147    -0.00067170
 2148    -0.00063959
 2149    -0.00060802
 2150    -0.00057702
 2151    -0.00054666
 2152    -0.00051697
 2153     0.00729024
 2154    -0.00077081
 2155     0.00004205
 2156    -0.00074449
 2157     0.00015455
 2158    -0.00072152
 2159    -0.00069265
 2160    -0.00066392
 2161     0.00211994
 2162    -0.00071730
 2163    -0.00068890
 2164    -0.00066059
 2165     0.00020710
 2166    -0.00063816
 2167    -0.00061045
 2168    -0.00058302
 2169     0.00302949
 2170    -0.00067263
 2171     0.00110220
 2172    -0.00068892
 2173     0.00085356
 2174    -0.00069586
 2175    -0.00066893
 2176    -0.00064206
 2177     0.00467302
 2178    -0.00080024
 2179     0.00262204
 2180    -0.00088135
 2181     0.00100069
 2182    -0.00089873
 2183    -0.00086954
 2184    -0.00083998
 2185     0.00221151
 2186    -0.00090103
 2187     0.00012119
 2188    -0.00087932
 2189     0.00411588
 2190    -0.00101537
 2191    -0.00098314
 2192    -0.00095042
 2193     0.00312707
 2194    -0.00104581
 2195     0.00093120
 2196    -0.00105489
 2197    -0.00101974
 2198    -0.00098422
 2199    -0.00094847
 2200    -0.00091260
 2201     0.00303704
 2202    -0.00099750
 2203     0.00075255
 2204    -0.00099347
 2205     0.00168882
 2206    -0.00102592
 2207    -0.00098880
 2208    -0.00095155
 2209     0.00263811
 2210    -0.00101919
 2211    -0.00098163
 2212    -0.00094398
 2213     0.00098225
 2214    -0.00094447
 2215    -0.00090695
 2216    -0.00086957
 2217     0.00161377
 2218    -0.00089346
 2219     0.00073770
 2220    -0.00088386
 2221    -0.00084735
 2222    -0.00081108
 2223    -0.00077515
 2224     0.00001986
 2225     0.00081651
 2226     0.00017440
 2227    -0.00076556
 2228    -0.00073149
 2229     0.00098312
 2230    -0.00073187
 2231    -0.00069892
 2232    -0.00066640
 2233    -0.00063435
 2234    -0.00060284
 2235    -0.00057193
 2236    -0.00054165
 2237     0.00167241
 2238    -0.00057054
 2239    -0.00054203
 2240     0.00125627
 2241     0.00101469
 2242    -0.00059330
 2243    -0.00056644
 2244     0.00097732
 2245    -0.00057449
 2246    -0.00054857
 2247    -0.00052297
 2248     0.00928336
 2249    -0.00086414
 2250     0.00144819
 2251    -0.00090302
 2252     0.00073584
 2253    -0.00091226
 2254    -0.00088371
 2255    -0.00085469
 2256     0.00179749
 2257     0.00153219
 2258    -0.00015217
 2259    -0.00096946
 2260     0.00205144
 2261    -0.00102564
 2262    -0.00099295
 2263    -0.00095979
 2264     0.00131148
 2265     0.00380795
 2266    -0.00113941
 2267    -0.00110415
 2268    -0.00106827
 2269    -0.00103193
 2270    -0.00099528
 2271     0.00455120
 2272    -0.00114189
 2273    -0.00050201
 2274    -0.00108995
 2275     0.00017306
 2276    -0.00106152
 2277    -0.00102244
 2278    -0.00098328
 2279     0.00478713
 2280    -0.00113439
 2281    -0.00109469
 2282    -0.00105474
 2283     0.00113253
 2284    -0.00106050
 2285    -0.00102022
 2286    -0.00097995
 2287    -0.00015130
 2288     0.00378814
 2289    -0.00108054
 2290    -0.00104039
 2291    -0.00100019
 2292    -0.00096006
 2293    -0.00092012
 2294    -0.00040199
 2295    -0.00086032
 2296     0.00082299
 2297    -0.00084882
 2298     0.00096587
 2299    -0.00084416
 2300    -0.00080678
 2301     0.00199939
 2302    -0.00084414
 2303    -0.00080780
 2304    -0.00077180
 2305    -0.00073624
 2306     0.00126828
 2307    -0.00074545
 2308    -0.00071124
 2309     0.00651672
 2310    -0.00093203
 2311    -0.00041851
 2312    -0.00088341
 2313     0.00004785
 2314    -0.00085127
 2315    -0.00081728
 2316     0.00020734
 2317     0.00180251
 2318    -0.00085963
 2319    -0.00082600
 2320    -0.00079245
 2321     0.00047973
 2322    -0.00077554
 2323    -0.00074258
 2324    -0.00070991
 2325    -0.00067760
 2326     0.00193840
 2327    -0.00071768
 2328    -0.00037705
 2329    -0.00066781
 2330    -0.00063719
 2331    -0.00060700
 2332     0.00163247
 2333     0.00269862
 2334    -0.00074086
 2335    -0.00071169
 2336    -0.00068260
 2337    -0.00065369
 2338    -0.00062502
 2339     0.00644164
 2340    -0.00085016
 2341     0.00101020
 2342    -0.00086558
 2343     0.00208055
 2344    -0.00092294
 2345    -0.00089253
 2346    -0.00014175
 2347     0.00092394
 2348    -0.00089964
 2349    -0.00086799
 2350    -0.00083616
 2351     0.00128383
 2352    -0.00085587
 2353    -0.00082374
 2354     0.00254031
 2355    -0.00089278
 2356     0.00006032
 2357    -0.00086456
 2358    -0.00083183
 2359    -0.00079911
 2360    -0.00076649
 2361     0.00169609
 2362     0.00137411
 2363     0.00070499
 2364    -0.00088366
 2365     0.00108008
 2366    -0.00089542
 2367    -0.00086238
 2368    -0.00082927
 2369     0.00290845
 2370    -0.00091143
 2371    -0.00087808
 2372    -0.00084465
 2373     0.00072024
 2374    -0.00083919
 2375    -0.00080583
 2376     0.00252200
 2377    -0.00087136
 2378     0.00236045
 2379    -0.00093275
 2380    -0.00089906
 2381    -0.00086526
 2382    -0.00083145
 2383    -0.00079772
 2384     0.00387293
 2385    -0.00034258
 2386    -0.00090555
 2387     0.00100824
 2388    -0.00091289
 2389    -0.00087871
 2390    -0.00027054
 2391     0.00175405
 2392     0.00032754
 2393    -0.00091767
 2394    -0.00088318
 2395    -0.00017098
 2396    -0.00084135
 2397    -0.00080700
 2398     0.00086361
 2399    -0.00080443
 2400     0.00219599
 2401    -0.00085577
 2402    -0.00082209
 2403    -0.00078851
 2404    -0.00075513
 2405     0.00193810
 2406    -0.00079568
 2407     0.00050757
 2408    -0.00078115
 2409     0.00093515
 2410    -0.00078375
 2411    -0.00075151
 2412    -0.00071949
 2413     0.00104538
 2414    -0.00072567
 2415    -0.00069441
 2416     0.00303736
 2417    -0.00078086
 2418    -0.00075006
 2419    -0.00071937
 2420     0.00044063
 2421     0.00106692
 2422    -0.00074448
 2423    -0.00071433
 2424    -0.00068435
 2425    -0.00065460
 2426    -0.00062515
 2427     0.00706401
 2428     0.00014615
 2429    -0.00088506
 2430    -0.00085511
 2431    -0.00008309
 2432    -0.00082417
 2433    -0.00079359
 2434    -0.00020072
 2435    -0.00075489
 2436    -0.00072436
 2437    -0.00069399
 2438     0.00156176
 2439    -0.00072303
 2440    -0.00069319
 2441     0.00130291
 2442    -0.00071281
 2443     0.00125846
 2444    -0.00073191
 2445     0.00037256
 2446    -0.00071652
 2447    -0.00068740
 2448     0.00026726
 2449     0.00018898
 2450     0.00038367
 2451    -0.00068617
 2452     0.00033828
 2453    -0.00066938
 2454    -0.00064127
 2455     0.00177515
 2456    -0.00068128
 2457     0.00075981
 2458    -0.00068261
 2459     0.00080972
 2460    -0.00068623
 2461    -0.00065878
 2462    -0.00063144
 2463     0.00022953
 2464     0.00026340
 2465    -0.00061901
 2466    -0.00059243
 2467    -0.00056611
 2468    -0.00054009
 2469    -0.00051444
 2470     0.00254530
 2471     0.00145855
 2472    -0.00064270
 2473    -0.00061774
 2474    -0.00059283
 2475    -0.00056805
 2476     0.00013875
 2477    -0.00005159
 2478    -0.00054200
 2479    -0.00051802
 2480     0.00132032
 2481    -0.00054351
 2482    -0.00052018
 2483    -0.00049708
 2484     0.00193143
 2485     0.00002460
 2486    -0.00054826
 2487    -0.00052573
 2488    -0.00050335
 2489    -0.00048116
 2490     0.00099903
 2491     0.00079152
 2492     0.00075582
 2493    -0.00055553
 2494     0.00073953
 2495    -0.00056320
 2496    -0.00054150
 2497    -0.00051983
 2498    -0.00049825
 2499    -0.00047682
 2500    -0.00045560
 2501     0.00084949
 2502    -0.00046531
 2503    -0.00044475
 2504     0.00219418
 2505     0.00117393
 2506     0.00063428
 2507    -0.00058341
 2508     0.00074711
 2509    -0.00059435
 2510    -0.00057332
 2511     0.00402268
 2512     0.00095402
 2513     0.00014310
 2514    -0.00077210
 2515     0.00036464
 2516    -0.00076963
 2517    -0.00074534
 2518     0.00074197
 2519    -0.00075424
 2520     0.00140989
 2521    -0.00078879
 2522     0.00028509
 2523    -0.00077813
 2524    -0.00075134
 2525    -0.00072434
 2526     0.00322029
 2527     0.00111903
 2528    -0.00087684
 2529    -0.00084848
 2530    -0.00081975
 2531    -0.00079076
 2532     0.00351682
 2533    -0.00090351
 2534     0.00027254
 2535    -0.00088918
 2536    -0.00030123
 2537    -0.00084992
 2538    -0.00081881
 2539     0.00465396
 2540    -0.00097407
 2541    -0.00094207
 2542    -0.00090969
 2543     0.00009181
 2544    -0.00088304
 2545    -0.00085007
 2546     0.00036479
 2547     0.00048942
 2548    -0.00085127
 2549    -0.00081819
 2550    -0.00078519
 2551    -0.00075235
 2552    -0.00071976
 2553     0.00059553
 2554     0.00140546
 2555    -0.00075979
 2556     0.00201595
 2557    -0.00080655
 2558    -0.00077500
 2559    -0.00074353
 2560    -0.00071224
 2561    -0.00068119
 2562    -0.00065047
 2563     0.00020366
 2564    -0.00062322
 2565    -0.00059371
 2566     0.00191458
 2567     0.00270055
 2568     0.00012205
 2569    -0.00074616
 2570     0.00031326
 2571    -0.00072997
 2572    -0.00070124
 2573     0.00249098
 2574    -0.00077063
 2575     0.00113843
 2576    -0.00078823
 2577     0.00024839
 2578    -0.00077031
 2579    -0.00074104
 2580    -0.00071178
 2581    -0.00000675
 2582    -0.00068067
 2583    -0.00042964
 2584     0.00021978
 2585    -0.00063785
 2586    -0.00060972
 2587    -0.00025130
 2588     0.00014154
 2589    -0.00056900
 2590    -0.00054225
 2591    -0.00051592
 2592    -0.00049004
 2593     0.00044669
 2594     0.00035477
 2595     0.00014115
 2596    -0.00048607
 2597     0.00118905
 2598    -0.00050510
 2599    -0.00048197
 2600     0.00092591
 2601    -0.00049210
 2602    -0.00046981
 2603    -0.00044781
 2604    -0.00024466
 2605    -0.00041211
 2606    -0.00039119
 2607     0.00223287
 2608     0.00168099
 2609    -0.00052015
 2610    -0.00049998
 2611    -0.00047984
 2612    -0.00045981
 2613     0.00221168
 2614    -0.00000185
 2615    -0.00052734
 2616    -0.00050735
 2617     0.00117441
 2618    -0.00053389
 2619    -0.00051379
 2620     0.00181072
 2621    -0.00056580
 2622    -0.00054546
 2623    -0.00052504
 2624     0.00026178
 2625    -0.00051487
 2626    -0.00049445
 2627     0.00053903
 2628     0.00177908
 2629    -0.00056513
 2630     0.00064847
 2631    -0.00057181
 2632    -0.00055106
 2633    -0.00053023
 2634     0.00169007
 2635     0.00266014
 2636    -0.00068502
 2637     0.00002975
 2638    -0.00066912
 2639    -0.00064677
 2640     0.00135186
 2641     0.00084390
 2642    -0.00071834
 2643     0.00073534
 2644    -0.00072806
 2645    -0.00070375
 2646    -0.00067919
 2647     0.00036261
 2648     0.00091568
 2649    -0.00070882
 2650    -0.00068355
 2651    -0.00065816
 2652    -0.00063274
 2653     0.00114618
 2654    -0.00065223
 2655     0.00310866
 2656    -0.00075091
 2657     0.00086604
 2658    -0.00076265
 2659    -0.00073622
 2660     0.00062014
 2661    -0.00073608
 2662    -0.00070914
 2663     0.00047606
 2664    -0.00070144
 2665    -0.00067434
 2666     0.00038296
 2667    -0.00066156
 2668     0.00041977
 2669    -0.00065005
 2670    -0.00062332
 2671    -0.00059676
 2672    -0.00057044
 2673     0.00459944
 2674     0.00015514
 2675    -0.00073346
 2676     0.00181483
 2677    -0.00078139
 2678    -0.00075442
 2679     0.00142277
 2680    -0.00078596
 2681    -0.00075829
 2682    -0.00073047
 2683    -0.00024275
 2684    -0.00069311
 2685    -0.00066527
 2686    -0.00005256
 2687     0.00208068
 2688    -0.00071465
 2689     0.00103517
 2690    -0.00072848
 2691    -0.00070080
 2692     0.00170616
 2693    -0.00074071
 2694    -0.00071289
 2695    -0.00068506
 2696     0.00020166
 2697    -0.00066403
 2698     0.00285144
 2699    -0.00074862
 2700    -0.00009527
 2701    -0.00071820
 2702     0.00097635
 2703    -0.00072929
 2704    -0.00070137
 2705     0.00038666
 2706    -0.00068810
 2707     0.00138511
 2708    -0.00071448
 2709    -0.00068670
 2710    -0.00065898
 2711    -0.00063139
 2712     0.00170550
 2713     0.00060384
 2714    -0.00069304
 2715     0.00060934
 2716    -0.00068965
 2717    -0.00066244
 2718     0.00197368
 2719    -0.00071269
 2720    -0.00068551
 2721     0.00021154
 2722    -0.00066607
 2723    -0.00063903
 2724    -0.00061214
 2725     0.00223511
 2726    -0.00004914
 2727    -0.00067021
 2728    -0.00064364
 2729    -0.00061717
 2730    -0.00059087
 2731     0.00140186
 2732     0.00203863
 2733    -0.00069814
 2734    -0.00012321
 2735    -0.00066799
 2736    -0.00064189
 2737    -0.00061585
 2738    -0.00058995
 2739    -0.00056426
 2740    -0.00053884
 2741     0.00201627
 2742    -0.00059019
 2743     0.00038057
 2744     0.00023212
 2745     0.00095861
 2746    -0.00062405
 2747    -0.00015047
 2748    -0.00059309
 2749    -0.00056872
 2750     0.00325410
 2751     0.00048298
 2752    -0.00069424
 2753     0.00208330
 2754    -0.00075487
 2755    -0.00072956
 2756    -0.00049027
 2757    -0.00068683
 2758     0.00001634
 2759    -0.00060313
 2760    -0.00040181
 2761    -0.00062239
 2762    -0.00059665
 2763     0.00079137
 2764     0.00064943
 2765    -0.00062497
 2766    -0.00059969
 2767    -0.00057454
 2768    -0.00054959
 2769    -0.00025348
 2770     0.00141830
 2771    -0.00056445
 2772     0.00002473
 2773    -0.00053918
 2774    -0.00051553
 2775     0.00225464
 2776    -0.00057889
 2777    -0.00055567
 2778     0.00077047
 2779    -0.00056173
 2780    -0.00053878
 2781    -0.00033029
 2782     0.00007799
 2783     0.00050387
 2784    -0.00051949
 2785    -0.00049734
 2786    -0.00047539
 2787    -0.00045369
 2788     0.00120748
 2789     0.00125109
 2790    -0.00052489
 2791     0.00045439
 2792    -0.00052120
 2793    -0.00050023
 2794     0.00017770
 2795    -0.00048492
 2796    -0.00046429
 2797     0.00093195
 2798    -0.00047865
 2799    -0.00045846
 2800     0.00240521
 2801     0.00094099
 2802    -0.00057123
 2803     0.00049689
 2804    -0.00057242
 2805    -0.00055179
 2806     0.00135562
 2807    -0.00058583
 2808     0.00003973
 2809    -0.00056794
 2810     0.00125128
 2811    -0.00059742
 2812    -0.00057592
 2813    -0.00055435
 2814     0.00074336
 2815    -0.00056225
 2816     0.00133517
 2817    -0.00059400
 2818    -0.00057215
 2819     0.00050606
 2820    -0.00004338
 2821    -0.00056973
 2822    -0.00054770
 2823    -0.00052571
 2824    -0.00050382
 2825     0.00326446
 2826    -0.00040198
 2827    -0.00059682
 2828     0.00073781
 2829    -0.00060520
 2830    -0.00058293
 2831     0.00230964
 2832    -0.00065309
 2833    -0.00063038
 2834     0.00078826
 2835    -0.00064040
 2836    -0.00061722
 2837     0.00032627
 2838     0.00001512
 2839    -0.00060903
 2840    -0.00058559
 2841    -0.00056219
 2842    -0.00053889
 2843     0.00113776
 2844    -0.00055895
 2845     0.00026493
 2846    -0.00054525
 2847    -0.00052251
 2848    -0.00049994
 2849     0.00162244
 2850    -0.00053951
 2851    -0.00051739
 2852    -0.00049540
 2853     0.00079348
 2854    -0.00050273
 2855     0.00080734
 2856     0.00011953
 2857     0.00103265
 2858    -0.00055613
 2859    -0.00020595
 2860    -0.00052660
 2861    -0.00050530
 2862     0.00029204
 2863     0.00059280
 2864    -0.00051665
 2865     0.00114934
 2866    -0.00054064
 2867     0.00061848
 2868    -0.00054428
 2869    -0.00004404
 2870    -0.00052144
 2871     0.00050616
 2872    -0.00051986
 2873    -0.00049898
 2874     0.00065853
 2875    -0.00029813
 2876    -0.00049056
 2877    -0.00047002
 2878    -0.00044964
 2879    -0.00042946
 2880     0.00123777
 2881    -0.00025133
 2882    -0.00044435
 2883    -0.00012579
 2884    -0.00041764
 2885    -0.00039860
 2886     0.00077753
 2887    -0.00040761
 2888    -0.00038924
 2889     0.00044531
 2890    -0.00038590
 2891    -0.00036819
 2892     0.00103644
 2893    -0.00038903
 2894    -0.00037192
 2895    -0.00035499
 2896    -0.00033830
 2897    -0.00032186
 2898     0.00480331
 2899     0.00051010
 2900    -0.00051796
 2901    -0.00030779
 2902    -0.00049198
 2903    -0.00047483
 2904     0.00046354
 2905    -0.00047708
 2906    -0.00045961
 2907     0.00000957
 2908    -0.00044264
 2909    -0.00042512
 2910     0.00109159
 2911     0.00010791
 2912    -0.00045514
 2913     0.00004929
 2914    -0.00043960
 2915    -0.00042209
 2916     0.00190051
 2917    -0.00047953
 2918    -0.00046198
 2919     0.00018263
 2920    -0.00045186
 2921    -0.00043423
 2922     0.00184694
 2923    -0.00012305
 2924    -0.00048657
 2925     0.00164062
 2926    -0.00053513
 2927    -0.00051687
 2928    -0.00031739
 2929     0.00096120
 2930    -0.00052655
 2931    -0.00050775
 2932    -0.00048886
 2933    -0.00046995
 2934     0.00119157
 2935     0.00095413
 2936    -0.00053711
 2937     0.00129510
 2938    -0.00057117
 2939     0.00074215
 2940    -0.00021334
 2941    -0.00057828
 2942    -0.00055800
 2943     0.00005941
 2944    -0.00054100
 2945    -0.00052044
 2946    -0.00000126
 2947    -0.00005271
 2948    -0.00049679
 2949    -0.00047639
 2950    -0.00045613
 2951     0.00084554
 2952     0.00026045
 2953     0.00023296
 2954    -0.00048533
 2955     0.00104274
 2956    -0.00050624
 2957    -0.00048649
 2958    -0.00046679
 2959    -0.00044720
 2960     0.00118523
 2961    -0.00047302
 2962    -0.00045374
 2963    -0.00019886
 2964     0.00061535
 2965    -0.00044774
 2966     0.00056943
 2967    -0.00045020
 2968    -0.00043155
 2969     0.00178983
 2970     0.00037994
 2971    -0.00049879
 2972     0.00017561
 2973    -0.00048773
 2974    -0.00046900
 2975     0.00045525
 2976     0.00020212
 2977    -0.00047603
 2978     0.00147442
 2979    -0.00051594
 2980    -0.00049708
 2981     0.00059275
 2982     0.00059606
 2983    -0.00052697
 2984    -0.00050776
 2985    -0.00048849
 2986     0.00006342
 2987     0.00022140
 2988     0.00040487
 2989    -0.00049606
 2990     0.00139317
 2991    -0.00053237
 2992     0.00135112
 2993    -0.00035035
 2994    -0.00055685
 2995    -0.00053687
 2996     0.00121240
 2997    -0.00056588
 2998     0.00056733
 2999    -0.00056963
 3000     0.00097310
 3001    -0.00058918
 3002    -0.00056821
 3003    -0.00054714
 3004     0.00032823
 3005     0.00096262
 3006    -0.00057808
 3007     0.00013022
 3008    -0.00056287
 3009    -0.00054142
 3010     0.00102557
 3011    -0.00056042
 3012    -0.00053893
 3013     0.00103261
 3014    -0.00055806
 3015     0.00089477
 3016     0.00042323
 3017     0.00014929
 3018    -0.00059828
 3019    -0.00005116
 3020    -0.00057529
 3021     0.00016385
 3022    -0.00022020
 3023     0.00179430
 3024     0.00016918
 3025    -0.00063231
 3026    -0.00060970
 3027    -0.00058698
 3028     0.00010998
 3029    -0.00056850
 3030    -0.00017911
 3031    -0.00053785
 3032    -0.00051533
 3033    -0.00049299
 3034     0.00020200
 3035    -0.00047593
 3036    -0.00045429
 3037    -0.00043293
 3038     0.00194337
 3039     0.00034094
 3040    -0.00020250
 3041    -0.00048900
 3042     0.00047364
 3043    -0.00048576
 3044     0.00112754
 3045    -0.00024222
 3046    -0.00049939
 3047     0.00076353
 3048    -0.00050876
 3049    -0.00048859
 3050     0.00027756
 3051     0.00111646
 3052    -0.00052224
 3053    -0.00050219
 3054    -0.00048217
 3055    -0.00046223
 3056     0.00117831
 3057     0.00000135
 3058    -0.00048750
 3059     0.00040640
 3060    -0.00048324
 3061     0.00165103
 3062    -0.00052877
 3063    -0.00050910
 3064    -0.00022734
 3065    -0.00048021
 3066    -0.00046059
 3067     0.00085555
 3068    -0.00005508
 3069    -0.00047099
 3070     0.00021247
 3071    -0.00045905
 3072    -0.00043991
 3073     0.00026278
 3074    -0.00000128
 3075    -0.00042786
 3076     0.00049791
 3077    -0.00042717
 3078     0.00025423
 3079    -0.00041721
 3080    -0.00016758
 3081    -0.00006036
 3082    -0.00038606
 3083    -0.00036855
 3084     0.00147898
 3085    -0.00001214
 3086    -0.00040619
 3087    -0.00038920
 3088    -0.00037234
 3089    -0.00035565
 3090     0.00152128
 3091     0.00074730
 3092    -0.00042681
 3093     0.00027483
 3094    -0.00042144
 3095    -0.00040501
 3096     0.00070710
 3097    -0.00041615
 3098     0.00055998
 3099    -0.00042185
 3100    -0.00040547
 3101    -0.00016081
 3102     0.00090487
 3103    -0.00041726
 3104    -0.00040099
 3105    -0.00038476
 3106     0.00083862
 3107    -0.00023832
 3108     0.00152138
 3109    -0.00045177
 3110     0.00127511
 3111    -0.00048761
 3112     0.00045879
 3113    -0.00049140
 3114    -0.00047438
 3115     0.00046693
 3116    -0.00047702
 3117    -0.00045966
 3118     0.00072162
 3119     0.00027500
 3120    -0.00048367
 3121     0.00062380
 3122    -0.00049180
 3123     0.00011494
 3124     0.00001098
 3125     0.00123617
 3126     0.00116971
 3127    -0.00058105
 3128    -0.00056217
 3129     0.00150535
 3130    -0.00000197
 3131    -0.00061007
 3132    -0.00017068
 3133    -0.00058641
 3134    -0.00056586
 3135    -0.00038789
 3136     0.00015339
 3137    -0.00053735
 3138    -0.00051653
 3139    -0.00049576
 3140     0.00058938
 3141     0.00059922
 3142    -0.00052047
 3143     0.00035302
 3144    -0.00051354
 3145    -0.00049302
 3146    -0.00032168
 3147    -0.00045835
 3148    -0.00043823
 3149     0.00041585
 3150    -0.00043206
 3151     0.00054250
 3152     0.00081231
 3153    -0.00046217
 3154    -0.00044306
 3155    -0.00042408
 3156    -0.00012984
 3157     0.00084404
 3158     0.00007305
 3159    -0.00043075
 3160     0.00031482
 3161    -0.00042349
 3162    -0.00040547
 3163    -0.00038761
 3164    -0.00036994
 3165     0.00041077
 3166    -0.00036588
 3167    -0.00034890
 3168     0.00080932
 3169     0.00048317
 3170    -0.00037877
 3171     0.00029322
 3172    -0.00037258
 3173     0.00165838
 3174     0.00033129
 3175    -0.00043524
 3176     0.00034832
 3177    -0.00043356
 3178     0.00040245
 3179    -0.00020716
 3180     0.00004252
 3181    -0.00042869
 3182     0.00057427
 3183    -0.00043516
 3184    -0.00028374
 3185     0.00025366
 3186    -0.00041731
 3187    -0.00040076
 3188    -0.00038427
 3189     0.00089237
 3190     0.00006738
 3191     0.00092157
 3192     0.00006040
 3193    -0.00009997
 3194    -0.00044220
 3195     0.00228549
 3196    -0.00051738
 3197    -0.00050034
 3198     0.00012871
 3199    -0.00049018
 3200    -0.00047263
