    1     0.00000000
    2     0.00000000
    3     0.00000000
    4     0.00000000
    5     0.00000000
    6     0.00000000
    7     0.00000000
    8     0.00000000
    9     0.00000000
   10     0.00000000
   11     0.00000000
   12     0.00000000
   13     0.00000000
   14     0.00000000
   15     0.00000000
   16     0.00000000
   17     0.00000000
   18     0.00000000
   19     0.00000000
   20     0.00000000
   21     0.00000000
   22     0.00000000
   23     0.00000000
   24     0.00000000
   25     0.00000000
   26     0.00000000
   27     0.00000000
   28     0.00000000
   29     0.00000000
   30     0.00000000
   31     0.00000000
   32     0.00000000
   33     0.00000000
   34     0.00000000
   35     0.00000000
   36     0.00000000
   37     0.00000000
   38     0.00000000
   39     0.00000000
   40     0.00000000
   41     0.00000000
   42     0.00000000
   43     0.00000000
   44     0.00000000
   45     0.00000000
   46     0.00000000
   47     0.00000000
   48     0.00000000
   49     0.00000000
   50     0.00000000
   51     0.00000000
   52     0.00000000
   53     0.00000000
   54     0.00000000
   55     0.00000000
   56     0.00000000
   57     0.00000000
   58     0.00000000
   59     0.00000000
   60     0.00000000
   61     0.00000000
   62     0.00000000
   63     0.00000000
   64     0.00000000
   65     0.00000000
   66     0.00000000
   67     0.00000000
   68     0.00000000
   69     0.00000000
   70     0.00000000
   71     0.00000000
   72     0.00000000
   73     0.00000000
   74     0.00000000
   75     0.00000000
   76     0.00000000
   77     0.00000000
   78     0.00000000
   79     0.00000000
   80     0.00000000
   81     0.00000000
   82     0.00000000
   83     0.00000000
   84     0.00000000
   85     0.00000000
   86     0.00000000
   87     0.00000000
   88     0.00000000
   89     0.00000000
   90     0.00000000
   91     0.00000000
   92     0.00000000
   93     0.00000000
   94     0.00000000
   95     0.00000000
   96     0.00000000
   97     0.00000000
   98     0.00000000
   99     0.00000000
  100     0.00000000
  101     0.00000000
  102     0.00000000
  103     0.00000000
  104     0.00000000
  105     0.00000000
  106     0.00000000
  107     0.00000000
  108     0.00000000
  109     0.00000000
  110     0.00000000
  111     0.00000000
  112     0.00000000
  113     0.00000000
  114     0.00000000
  115     0.00000000
  116     0.00000000
  117     0.00000000
  118     0.00000000
  119     0.00000000
  120     0.00000000
  121     0.00000000
  122     0.00000000
  123     0.00000000
  124     0.00000000
  125     0.00000000
  126     0.00000000
  127     0.00000000
  128     0.00000000
  129     0.00000000
  130     0.00000000
  131     0.00000000
  132     0.00000000
  133     0.00000000
  134     0.00000000
  135     0.00000000
  136     0.00000000
  137     0.00000000
  138     0.00000000
  139     0.00000000
  140     0.00000000
  141     0.02451226
  142    -0.00098028
  143    -0.00097602
  144    -0.00096918
  145    -0.00095999
  146    -0.00094865
  147    -0.00093535
  148    -0.00092028
  149    -0.00090362
  150    -0.00088553
  151    -0.00086619
  152    -0.00084574
  153    -0.00082433
  154    -0.00080209
  155    -0.00077915
  156    -0.00075563
  157    -0.00073165
  158    -0.00070731
  159    -0.00068271
  160    -0.00065795
  161    -0.00063310
  162    -0.00060826
  163    -0.00058348
  164    -0.00055885
  165    -0.00053442
  166    -0.00051025
  167    -0.00048640
  168    -0.00046290
  169    -0.00043981
  170    -0.00041715
  171    -0.00039497
  172    -0.00037330
  173    -0.00035215
  174    -0.00033156
  175    -0.00031154
  176     0.07064050
  177    -0.00310997
  178    -0.00307942
  179    -0.00304204
  180    -0.00299847
  181    -0.00294930
  182    -0.00289509
  183    -0.00283639
  184    -0.00277372
  185    -0.00270755
  186    -0.00263836
  187    -0.00256656
  188    -0.00249258
  189    -0.00241680
  190    -0.00233957
  191    -0.00226124
  192    -0.00218211
  193    -0.00210250
  194    -0.00202266
  195    -0.00194286
  196    -0.00186332
  197    -0.00178426
  198    -0.00170589
  199    -0.00162837
  200    -0.00155188
  201    -0.00147657
  202    -0.00140257
  203    -0.00133000
  204    -0.00125896
  205    -0.00118956
  206    -0.00112187
  207    -0.00105597
  208    -0.00099191
  209    -0.00092975
  210    -0.00086953
  211    -0.00081128
  212    -0.00075503
  213    -0.00070078
  214    -0.00064855
  215    -0.00059835
  216    -0.00055016
  217    -0.00050398
  218    -0.00045980
  219    -0.00041759
  220    -0.00037732
  221    -0.00033899
  222    -0.00030254
  223    -0.00026794
  224    -0.00023517
  225    -0.00020417
  226    -0.00017491
  227    -0.00014735
  228    -0.00012142
  229    -0.00009710
  230    -0.00007432
  231    -0.00005305
  232    -0.00003322
  233    -0.00001479
  234     0.03705802
  235    -0.00146384
  236    -0.00144286
  237    -0.00141919
  238    -0.00139310
  239    -0.00136484
  240    -0.00133468
  241    -0.00130283
  242    -0.00126953
  243    -0.00123497
  244    -0.00119937
  245    -0.00116289
  246    -0.00112573
  247    -0.00108803
  248    -0.00104995
  249    -0.00101164
  250    -0.00097322
  251    -0.00093482
  252    -0.00089654
  253    -0.00085850
  254    -0.00082078
  255    -0.00078348
  256    -0.00074668
  257    -0.00071044
  258    -0.00067483
  259    -0.00063990
  260    -0.00060572
  261    -0.00057233
  262    -0.00053976
  263    -0.00050805
  264    -0.00047723
  265    -0.00044732
  266    -0.00041834
  267    -0.00039031
  268    -0.00036324
  269    -0.00033714
  270    -0.00031201
  271    -0.00028786
  272    -0.00026467
  273    -0.00024245
  274    -0.00022119
  275    -0.00020088
  276    -0.00018151
  277    -0.00016306
  278    -0.00014553
  279    -0.00012888
  280    -0.00011311
  281    -0.00009820
  282    -0.00008412
  283    -0.00007086
  284    -0.00005839
  285    -0.00004668
  286    -0.00003573
  287    -0.00002549
  288    -0.00001595
  289    -0.00000709
  290     0.00000113
  291     0.00000872
  292     0.00001571
  293     0.00002213
  294     0.00002800
  295     0.00003334
  296     0.00003818
  297     0.00004254
  298     0.00004645
  299     0.00004992
  300     0.01595593
  301    -0.00058033
  302    -0.00057525
  303    -0.00056886
  304    -0.00056126
  305    -0.00055257
  306    -0.00054290
  307    -0.00053235
  308    -0.00052102
  309    -0.00050900
  310    -0.00049638
  311    -0.00048323
  312    -0.00046965
  313    -0.00045570
  314     0.01829980
  315    -0.00117647
  316    -0.00115856
  317     0.03055837
  318    -0.00238431
  319    -0.00235528
  320    -0.00232146
  321    -0.00228331
  322    -0.00224127
  323    -0.00219575
  324    -0.00214717
  325    -0.00209589
  326    -0.00204226
  327    -0.00198663
  328    -0.00192931
  329    -0.00187060
  330    -0.00181078
  331    -0.00175010
  332    -0.00168882
  333    -0.00162716
  334    -0.00156533
  335    -0.00150353
  336    -0.00144194
  337    -0.00138072
  338    -0.00132004
  339    -0.00126002
  340    -0.00120080
  341    -0.00114249
  342    -0.00108520
  343    -0.00102902
  344    -0.00097403
  345    -0.00092031
  346    -0.00086791
  347    -0.00081690
  348    -0.00076732
  349    -0.00071921
  350    -0.00067260
  351    -0.00062751
  352    -0.00058397
  353    -0.00054199
  354    -0.00050157
  355    -0.00046272
  356    -0.00042543
  357    -0.00038969
  358    -0.00035550
  359    -0.00032284
  360    -0.00029169
  361    -0.00026202
  362    -0.00023382
  363    -0.00020705
  364    -0.00018170
  365     0.04040588
  366    -0.00175727
  367    -0.00172890
  368     0.02863871
  369    -0.00287669
  370    -0.00283503
  371    -0.00278810
  372    -0.00273645
  373    -0.00268059
  374    -0.00262100
  375    -0.00255814
  376    -0.00249244
  377    -0.00242431
  378    -0.00235413
  379    -0.00228228
  380    -0.00220909
  381    -0.00213487
  382    -0.00205993
  383    -0.00198454
  384    -0.00190896
  385    -0.00183343
  386    -0.00175816
  387    -0.00168337
  388    -0.00160924
  389    -0.00153593
  390    -0.00146361
  391    -0.00139240
  392    -0.00132245
  393    -0.00125386
  394    -0.00118673
  395    -0.00112115
  396    -0.00105721
  397    -0.00099495
  398    -0.00093445
  399    -0.00087575
  400     0.01109973
  401    -0.00124053
  402    -0.00118535
  403    -0.00113082
  404    -0.00107705
  405    -0.00102416
  406    -0.00097222
  407    -0.00092132
  408    -0.00087154
  409    -0.00082293
  410     0.01906848
  411    -0.00152304
  412    -0.00147481
  413    -0.00142585
  414    -0.00137636
  415    -0.00132652
  416    -0.00127652
  417    -0.00122651
  418    -0.00117664
  419    -0.00112704
  420    -0.00107785
  421    -0.00102918
  422    -0.00098114
  423    -0.00093381
  424    -0.00088729
  425    -0.00084165
  426    -0.00079696
  427    -0.00075329
  428    -0.00071068
  429    -0.00066918
  430    -0.00062883
  431    -0.00058966
  432    -0.00055171
  433    -0.00051498
  434     0.02270231
  435    -0.00137236
  436    -0.00133537
  437    -0.00129722
  438    -0.00125810
  439    -0.00121821
  440    -0.00117771
  441     0.00760634
  442    -0.00144523
  443    -0.00140237
  444    -0.00135858
  445    -0.00131408
  446    -0.00126904
  447    -0.00122363
  448    -0.00117803
  449    -0.00113238
  450    -0.00108682
  451    -0.00104148
  452    -0.00099648
  453     0.04117759
  454    -0.00259272
  455    -0.00254201
  456    -0.00248759
  457    -0.00242990
  458    -0.00236937
  459    -0.00230638
  460    -0.00224132
  461    -0.00217452
  462    -0.00210631
  463    -0.00203702
  464    -0.00196691
  465    -0.00189627
  466    -0.00182534
  467    -0.00175436
  468    -0.00168353
  469    -0.00161306
  470    -0.00154314
  471    -0.00147391
  472    -0.00140555
  473    -0.00133818
  474    -0.00127193
  475    -0.00120691
  476    -0.00114323
  477    -0.00108097
  478    -0.00102020
  479    -0.00096100
  480    -0.00090342
  481    -0.00084751
  482    -0.00079331
  483    -0.00074085
  484    -0.00069015
  485    -0.00064124
  486    -0.00059413
  487    -0.00054881
  488     0.01617380
  489    -0.00113056
  490     0.01551524
  491    -0.00170884
  492    -0.00166324
  493    -0.00161616
  494    -0.00156784
  495    -0.00151852
  496    -0.00146842
  497    -0.00141776
  498    -0.00136671
  499    -0.00131547
  500    -0.00126420
  501    -0.00121305
  502    -0.00116217
  503    -0.00111168
  504    -0.00106172
  505    -0.00101237
  506    -0.00096376
  507    -0.00091595
  508     0.01516122
  509    -0.00146417
  510    -0.00141647
  511    -0.00136818
  512    -0.00131947
  513    -0.00127053
  514     0.00479301
  515    -0.00141311
  516    -0.00136335
  517    -0.00131331
  518    -0.00126315
  519    -0.00121304
  520    -0.00116311
  521    -0.00111351
  522    -0.00106435
  523     0.01159986
  524    -0.00147232
  525     0.01409003
  526    -0.00199344
  527    -0.00194056
  528    -0.00188593
  529    -0.00182982
  530    -0.00177253
  531    -0.00171431
  532    -0.00165540
  533    -0.00159604
  534    -0.00153642
  535    -0.00147676
  536    -0.00141721
  537    -0.00135797
  538    -0.00129917
  539    -0.00124096
  540    -0.00118347
  541     0.01558751
  542    -0.00173952
  543    -0.00168192
  544    -0.00162369
  545    -0.00156504
  546    -0.00150619
  547     0.00821978
  548    -0.00177518
  549    -0.00171509
  550    -0.00165446
  551    -0.00159350
  552    -0.00153242
  553    -0.00147140
  554    -0.00141064
  555    -0.00135028
  556    -0.00129047
  557    -0.00123136
  558    -0.00117306
  559    -0.00111568
  560    -0.00105933
  561    -0.00100409
  562    -0.00095005
  563    -0.00089728
  564    -0.00084583
  565    -0.00079575
  566    -0.00074710
  567    -0.00069991
  568    -0.00065421
  569    -0.00061002
  570    -0.00056736
  571    -0.00052624
  572    -0.00048666
  573    -0.00044863
  574    -0.00041215
  575    -0.00037719
  576    -0.00034376
  577    -0.00031183
  578     0.01461969
  579    -0.00084833
  580    -0.00081821
  581    -0.00078793
  582    -0.00075761
  583    -0.00072733
  584    -0.00069718
  585     0.00836312
  586    -0.00099871
  587     0.01150018
  588    -0.00143503
  589    -0.00140104
  590    -0.00136547
  591    -0.00132853
  592    -0.00129044
  593    -0.00125140
  594    -0.00121161
  595    -0.00117122
  596    -0.00113041
  597    -0.00108933
  598    -0.00104813
  599    -0.00100692
  600    -0.00096585
  601    -0.00092501
  602     0.02479468
  603    -0.00187140
  604    -0.00182740
  605    -0.00178130
  606    -0.00173340
  607     0.02690610
  608    -0.00277666
  609    -0.00271999
  610    -0.00265954
  611    -0.00259576
  612    -0.00252911
  613    -0.00245999
  614    -0.00238880
  615     0.01239447
  616    -0.00282992
  617    -0.00275207
  618    -0.00267193
  619    -0.00258992
  620    -0.00250643
  621    -0.00242181
  622    -0.00233640
  623    -0.00225051
  624    -0.00216444
  625    -0.00207845
  626    -0.00199279
  627    -0.00190769
  628    -0.00182336
  629    -0.00174000
  630     0.00879740
  631    -0.00199496
  632    -0.00191364
  633    -0.00183280
  634    -0.00175262
  635     0.02149923
  636    -0.00252172
  637    -0.00244059
  638    -0.00235835
  639    -0.00227532
  640    -0.00219182
  641    -0.00210813
  642     0.00823527
  643    -0.00235150
  644     0.00796572
  645    -0.00259127
  646    -0.00250454
  647    -0.00241694
  648    -0.00232878
  649    -0.00224038
  650    -0.00215201
  651    -0.00206393
  652    -0.00197639
  653    -0.00188960
  654    -0.00180376
  655    -0.00171905
  656    -0.00163565
  657     0.00847013
  658    -0.00187418
  659    -0.00179377
  660    -0.00171411
  661    -0.00163539
  662    -0.00155776
  663    -0.00148138
  664    -0.00140637
  665    -0.00133286
  666    -0.00126094
  667    -0.00119073
  668    -0.00112228
  669     0.01268459
  670    -0.00154046
  671     0.00835196
  672    -0.00180373
  673    -0.00173812
  674    -0.00167231
  675    -0.00160651
  676    -0.00154092
  677    -0.00147571
  678    -0.00141105
  679    -0.00134709
  680    -0.00128397
  681    -0.00122181
  682    -0.00116072
  683    -0.00110080
  684    -0.00104215
  685    -0.00098483
  686    -0.00092892
  687    -0.00087449
  688     0.00875344
  689    -0.00115312
  690    -0.00110170
  691    -0.00105089
  692    -0.00100080
  693    -0.00095152
  694     0.01912690
  695    -0.00165678
  696    -0.00160694
  697    -0.00155610
  698    -0.00150449
  699    -0.00145232
  700    -0.00139977
  701    -0.00134705
  702    -0.00129431
  703    -0.00124172
  704    -0.00118942
  705    -0.00113754
  706    -0.00108621
  707    -0.00103554
  708     0.01886680
  709    -0.00173047
  710    -0.00167888
  711    -0.00162620
  712    -0.00157268
  713     0.01034304
  714    -0.00193835
  715    -0.00188152
  716    -0.00182339
  717    -0.00176425
  718    -0.00170435
  719    -0.00164391
  720    -0.00158317
  721     0.01101928
  722    -0.00196311
  723    -0.00190041
  724    -0.00183682
  725    -0.00177258
  726    -0.00170794
  727    -0.00164312
  728    -0.00157832
  729    -0.00151373
  730    -0.00144954
  731    -0.00138589
  732    -0.00132294
  733    -0.00126083
  734    -0.00119966
  735    -0.00113956
  736    -0.00108062
  737    -0.00102293
  738    -0.00096656
  739    -0.00091158
  740    -0.00085805
  741    -0.00080602
  742    -0.00075554
  743    -0.00070662
  744     0.00730584
  745    -0.00093214
  746    -0.00088669
  747    -0.00084204
  748    -0.00079827
  749    -0.00075544
  750    -0.00071360
  751    -0.00067281
  752    -0.00063310
  753    -0.00059452
  754    -0.00055708
  755    -0.00052082
  756     0.01528652
  757    -0.00108266
  758    -0.00104728
  759    -0.00101146
  760     0.01331929
  761    -0.00151074
  762    -0.00147194
  763    -0.00143170
  764    -0.00139026
  765    -0.00134782
  766     0.00566120
  767     0.00799838
  768    -0.00187529
  769    -0.00182717
  770    -0.00177726
  771    -0.00172585
  772    -0.00167321
  773    -0.00161958
  774    -0.00156520
  775    -0.00151029
  776    -0.00145504
  777    -0.00139966
  778    -0.00134430
  779     0.01496251
  780    -0.00188425
  781    -0.00182709
  782    -0.00176883
  783     0.01086787
  784    -0.00215301
  785    -0.00209072
  786    -0.00202695
  787    -0.00196198
  788    -0.00189610
  789    -0.00182957
  790     0.00499302
  791    -0.00196571
  792    -0.00189748
  793    -0.00182877
  794    -0.00175983
  795    -0.00169088
  796    -0.00162212
  797    -0.00155374
  798    -0.00148593
  799    -0.00141883
  800    -0.00135259
  801    -0.00128734
  802    -0.00122320
  803    -0.00116028
  804    -0.00109867
  805     0.00559096
  806    -0.00124484
  807    -0.00118647
  808    -0.00112900
  809    -0.00107252
  810     0.01288505
  811    -0.00151886
  812     0.00855676
  813    -0.00180862
  814    -0.00175134
  815    -0.00169319
  816    -0.00163442
  817    -0.00157524
  818    -0.00151585
  819    -0.00145646
  820    -0.00139723
  821    -0.00133834
  822     0.02284209
  823    -0.00218680
  824    -0.00212554
  825    -0.00206262
  826     0.01006767
  827    -0.00241550
  828    -0.00234725
  829    -0.00227719
  830    -0.00220567
  831    -0.00213301
  832     0.00313813
  833    -0.00219332
  834    -0.00211807
  835    -0.00204222
  836    -0.00196605
  837    -0.00188980
  838    -0.00181371
  839    -0.00173798
  840    -0.00166282
  841    -0.00158841
  842    -0.00151490
  843     0.01058011
  844    -0.00185201
  845    -0.00177998
  846    -0.00170812
  847     0.01166073
  848    -0.00209745
  849    -0.00202490
  850    -0.00195183
  851    -0.00187849
  852     0.00271497
  853    -0.00191270
  854     0.01907612
  855    -0.00260208
  856    -0.00252528
  857    -0.00244680
  858    -0.00236699
  859    -0.00228619
  860    -0.00220471
  861    -0.00212285
  862    -0.00204087
  863    -0.00195904
  864     0.01116461
  865    -0.00231828
  866    -0.00223591
  867    -0.00215314
  868    -0.00207024
  869    -0.00198745
  870    -0.00190503
  871    -0.00182318
  872     0.01433797
  873    -0.00230506
  874    -0.00222328
  875    -0.00214107
  876    -0.00205873
  877    -0.00197651
  878    -0.00189463
  879    -0.00181332
  880    -0.00173277
  881    -0.00165317
  882    -0.00157468
  883    -0.00149744
  884     0.00346936
  885    -0.00154288
  886    -0.00146932
  887     0.00142351
  888    -0.00143872
  889    -0.00136862
  890    -0.00129977
  891    -0.00123226
  892     0.00481385
  893    -0.00134081
  894    -0.00127684
  895    -0.00121392
  896    -0.00115216
  897    -0.00109164
  898    -0.00103245
  899    -0.00097468
  900    -0.00091838
  901    -0.00086360
  902    -0.00081041
  903     0.01185149
  904    -0.00121320
  905    -0.00116274
  906    -0.00111264
  907     0.01152029
  908    -0.00151724
  909    -0.00146673
  910    -0.00141569
  911    -0.00136430
  912    -0.00131276
  913     0.00399974
  914    -0.00142020
  915    -0.00136819
  916    -0.00131604
  917    -0.00126394
  918    -0.00121202
  919    -0.00116042
  920    -0.00110929
  921    -0.00105872
  922    -0.00100884
  923    -0.00095973
  924    -0.00091149
  925    -0.00086419
  926    -0.00081789
  927    -0.00077267
  928    -0.00072857
  929    -0.00068565
  930     0.00968991
  931    -0.00101672
  932     0.00475105
  933    -0.00116393
  934    -0.00112245
  935    -0.00108076
  936    -0.00103902
  937    -0.00099736
  938    -0.00095588
  939    -0.00091470
  940    -0.00087392
  941     0.01912504
  942    -0.00159208
  943    -0.00154954
  944     0.01083059
  945    -0.00195388
  946    -0.00190573
  947    -0.00185557
  948    -0.00180370
  949     0.01557472
  950     0.00215938
  951    -0.00251228
  952    -0.00245059
  953    -0.00238630
  954    -0.00231978
  955    -0.00225141
  956    -0.00218153
  957    -0.00211046
  958    -0.00203850
  959     0.00253893
  960    -0.00207316
  961    -0.00199935
  962    -0.00192519
  963     0.00963875
  964    -0.00223626
  965    -0.00216045
  966    -0.00208395
  967    -0.00200705
  968     0.00302861
  969    -0.00205137
  970    -0.00197388
  971    -0.00189639
  972    -0.00181913
  973    -0.00174231
  974    -0.00166613
  975    -0.00159076
  976    -0.00151637
  977    -0.00144309
  978    -0.00137108
  979    -0.00130043
  980    -0.00123127
  981     0.00069712
  982    -0.00117216
  983    -0.00110763
  984    -0.00104468
  985     0.00692267
  986     0.00543882
  987    -0.00144790
  988    -0.00138852
  989    -0.00132951
  990    -0.00127101
  991    -0.00121316
  992    -0.00115608
  993    -0.00109989
  994    -0.00104468
  995     0.00887610
  996    -0.00133214
  997    -0.00127866
  998     0.00540626
  999    -0.00143779
 1000    -0.00138430
 1001    -0.00133076
 1002    -0.00127731
 1003     0.01758298
 1004    -0.00192341
 1005    -0.00186785
 1006    -0.00181094
 1007    -0.00175296
 1008    -0.00169416
 1009    -0.00163478
 1010    -0.00157503
 1011    -0.00151513
 1012     0.00665512
 1013    -0.00171994
 1014    -0.00165924
 1015    -0.00159820
 1016    -0.00153703
 1017    -0.00147592
 1018    -0.00141505
 1019    -0.00135459
 1020     0.00600160
 1021     0.00369840
 1022    -0.00167652
 1023    -0.00161608
 1024    -0.00155541
 1025    -0.00149471
 1026    -0.00143417
 1027    -0.00137394
 1028    -0.00131419
 1029     0.00680934
 1030    -0.00151918
 1031    -0.00146025
 1032    -0.00140144
 1033    -0.00134292
 1034    -0.00128483
 1035    -0.00122732
 1036    -0.00117052
 1037     0.00984420
 1038     0.01254100
 1039    -0.00200321
 1040    -0.00194477
 1041    -0.00188498
 1042    -0.00182412
 1043    -0.00176244
 1044    -0.00170020
 1045    -0.00163761
 1046     0.00548798
 1047    -0.00179470
 1048    -0.00173108
 1049     0.00672040
 1050    -0.00193848
 1051    -0.00187304
 1052    -0.00180699
 1053     0.00691886
 1054    -0.00202031
 1055    -0.00195230
 1056    -0.00188364
 1057    -0.00181458
 1058    -0.00174535
 1059    -0.00167618
 1060    -0.00160726
 1061    -0.00153879
 1062    -0.00147092
 1063     0.00361599
 1064    -0.00153836
 1065    -0.00147233
 1066     0.00993741
 1067    -0.00179594
 1068    -0.00173022
 1069    -0.00166434
 1070    -0.00159850
 1071     0.00793194
 1072    -0.00184620
 1073    -0.00177993
 1074    -0.00171338
 1075    -0.00164678
 1076    -0.00158033
 1077    -0.00151421
 1078    -0.00144860
 1079    -0.00138364
 1080    -0.00131949
 1081    -0.00125627
 1082    -0.00119410
 1083    -0.00113309
 1084    -0.00107332
 1085    -0.00101489
 1086     0.00744157
 1087     0.01304603
 1088    -0.00175394
 1089    -0.00169664
 1090    -0.00163864
 1091    -0.00158016
 1092    -0.00152141
 1093    -0.00146258
 1094    -0.00140387
 1095     0.00934821
 1096    -0.00171505
 1097    -0.00165574
 1098     0.00159158
 1099    -0.00166350
 1100    -0.00160296
 1101    -0.00154223
 1102     0.00522359
 1103     0.00575429
 1104    -0.00192549
 1105    -0.00186268
 1106    -0.00179908
 1107    -0.00173495
 1108    -0.00167053
 1109    -0.00160601
 1110    -0.00154161
 1111     0.00482400
 1112    -0.00166585
 1113    -0.00160172
 1114     0.00935219
 1115    -0.00190942
 1116    -0.00184421
 1117    -0.00177846
 1118    -0.00171240
 1119     0.00678098
 1120    -0.00191724
 1121    -0.00185005
 1122    -0.00178244
 1123    -0.00171465
 1124    -0.00164690
 1125    -0.00157939
 1126    -0.00151229
 1127    -0.00144577
 1128    -0.00137999
 1129     0.00730942
 1130    -0.00159609
 1131    -0.00153181
 1132    -0.00146783
 1133     0.00511610
 1134     0.00182665
 1135    -0.00167615
 1136    -0.00161254
 1137    -0.00154895
 1138    -0.00148558
 1139    -0.00142258
 1140    -0.00136013
 1141    -0.00129836
 1142     0.00152136
 1143    -0.00128771
 1144    -0.00122825
 1145     0.01092133
 1146    -0.00159552
 1147    -0.00153683
 1148     0.00345893
 1149    -0.00161668
 1150    -0.00155730
 1151    -0.00149778
 1152    -0.00143831
 1153    -0.00137907
 1154    -0.00132022
 1155    -0.00126189
 1156    -0.00120423
 1157     0.00972334
 1158    -0.00152610
 1159    -0.00146922
 1160     0.00427416
 1161    -0.00158286
 1162    -0.00152532
 1163     0.00454836
 1164     0.00436066
 1165    -0.00183229
 1166    -0.00177237
 1167    -0.00171171
 1168    -0.00165057
 1169    -0.00158915
 1170    -0.00152765
 1171    -0.00146627
 1172     0.00370161
 1173    -0.00154876
 1174    -0.00148782
 1175    -0.00142708
 1176    -0.00136668
 1177    -0.00130680
 1178     0.00356377
 1179     0.01124111
 1180    -0.00182791
 1181    -0.00176780
 1182    -0.00170698
 1183    -0.00164570
 1184    -0.00158416
 1185    -0.00152258
 1186    -0.00146113
 1187     0.00768873
 1188    -0.00170279
 1189     0.00820314
 1190    -0.00197298
 1191    -0.00190941
 1192    -0.00184497
 1193     0.00147938
 1194    -0.00184487
 1195    -0.00177875
 1196    -0.00171236
 1197    -0.00164590
 1198    -0.00157958
 1199    -0.00151358
 1200    -0.00144808
 1201    -0.00138324
 1202    -0.00131919
 1203    -0.00125607
 1204     0.00432889
 1205    -0.00135392
 1206    -0.00129327
 1207    -0.00123337
 1208     0.00721192
 1209    -0.00145165
 1210    -0.00139321
 1211    -0.00133505
 1212    -0.00127732
 1213    -0.00122017
 1214    -0.00116372
 1215    -0.00110808
 1216    -0.00105335
 1217    -0.00099964
 1218    -0.00094702
 1219    -0.00089556
 1220    -0.00084534
 1221    -0.00079640
 1222     0.00154872
 1223     0.00464323
 1224    -0.00096669
 1225    -0.00092172
 1226    -0.00087742
 1227    -0.00083385
 1228    -0.00079111
 1229    -0.00074925
 1230     0.00159644
 1231    -0.00076057
 1232    -0.00072127
 1233     0.00443411
 1234    -0.00084985
 1235    -0.00081229
 1236     0.00565651
 1237     0.00214772
 1238    -0.00108432
 1239    -0.00104657
 1240    -0.00100858
 1241    -0.00097046
 1242    -0.00093235
 1243    -0.00089434
 1244     0.01111414
 1245    -0.00129782
 1246    -0.00125867
 1247     0.00447387
 1248    -0.00140588
 1249    -0.00136393
 1250    -0.00132111
 1251     0.00350601
 1252    -0.00142490
 1253    -0.00137973
 1254    -0.00133387
 1255    -0.00128753
 1256    -0.00124087
 1257    -0.00119405
 1258    -0.00114723
 1259    -0.00110054
 1260     0.00782731
 1261    -0.00136325
 1262    -0.00131615
 1263    -0.00126871
 1264     0.00575595
 1265     0.01516039
 1266    -0.00206809
 1267    -0.00201598
 1268    -0.00196182
 1269    -0.00190594
 1270    -0.00184863
 1271    -0.00179017
 1272     0.00166649
 1273    -0.00180667
 1274     0.00766018
 1275    -0.00206022
 1276    -0.00199665
 1277    -0.00193197
 1278     0.00477085
 1279    -0.00206576
 1280    -0.00199815
 1281    -0.00192972
 1282    -0.00186074
 1283    -0.00179145
 1284    -0.00172208
 1285     0.00627202
 1286    -0.00190086
 1287    -0.00183108
 1288     0.00785097
 1289    -0.00207567
 1290    -0.00200438
 1291     0.00233636
 1292     0.01084601
 1293    -0.00247312
 1294    -0.00239763
 1295    -0.00232073
 1296    -0.00224276
 1297    -0.00216402
 1298    -0.00208481
 1299    -0.00004124
 1300    -0.00200460
 1301    -0.00192519
 1302    -0.00184607
 1303    -0.00176745
 1304    -0.00168952
 1305     0.01322018
 1306    -0.00212964
 1307    -0.00205223
 1308    -0.00197459
 1309    -0.00189696
 1310    -0.00181956
 1311    -0.00174262
 1312     0.00499087
 1313    -0.00185707
 1314    -0.00178141
 1315     0.00169003
 1316    -0.00176741
 1317    -0.00169302
 1318     0.00077045
 1319    -0.00164177
 1320    -0.00156926
 1321    -0.00149758
 1322    -0.00142687
 1323    -0.00135727
 1324    -0.00128890
 1325     0.00571950
 1326    -0.00143388
 1327    -0.00136861
 1328     0.00184161
 1329    -0.00136662
 1330    -0.00130378
 1331    -0.00124182
 1332     0.00689725
 1333    -0.00144406
 1334    -0.00138400
 1335    -0.00132436
 1336    -0.00126531
 1337    -0.00120696
 1338    -0.00114944
 1339    -0.00109286
 1340    -0.00103731
 1341    -0.00098288
 1342    -0.00092965
 1343    -0.00087768
 1344     0.00930486
 1345     0.00612826
 1346    -0.00142571
 1347    -0.00137521
 1348    -0.00132444
 1349    -0.00127358
 1350    -0.00122279
 1351     0.00222561
 1352    -0.00125785
 1353    -0.00120748
 1354     0.00892601
 1355    -0.00151081
 1356    -0.00145975
 1357     0.00216349
 1358     0.00276875
 1359    -0.00161737
 1360    -0.00156376
 1361    -0.00150957
 1362    -0.00145499
 1363    -0.00140021
 1364     0.00581273
 1365    -0.00157705
 1366    -0.00152147
 1367     0.00206300
 1368    -0.00155066
 1369    -0.00149408
 1370    -0.00143734
 1371     0.00277839
 1372    -0.00149042
 1373    -0.00143352
 1374    -0.00137666
 1375    -0.00132001
 1376    -0.00126373
 1377    -0.00120795
 1378    -0.00115280
 1379     0.00258523
 1380    -0.00119217
 1381    -0.00113892
 1382     0.00240177
 1383     0.00110279
 1384    -0.00121342
 1385    -0.00116199
 1386    -0.00111100
 1387    -0.00106056
 1388    -0.00101079
 1389     0.00155650
 1390    -0.00101433
 1391    -0.00096666
 1392     0.00551441
 1393    -0.00113092
 1394    -0.00108458
 1395     0.00339130
 1396    -0.00117002
 1397    -0.00112409
 1398    -0.00107830
 1399    -0.00103278
 1400    -0.00098762
 1401    -0.00094295
 1402     0.00276030
 1403    -0.00100177
 1404     0.00337741
 1405    -0.00108896
 1406    -0.00104584
 1407     0.00681700
 1408     0.00456402
 1409    -0.00146266
 1410    -0.00141762
 1411    -0.00137179
 1412    -0.00132534
 1413    -0.00127848
 1414    -0.00123136
 1415    -0.00118415
 1416    -0.00113699
 1417    -0.00109003
 1418    -0.00104338
 1419    -0.00099716
 1420     0.01006998
 1421    -0.00134718
 1422    -0.00130092
 1423    -0.00125430
 1424    -0.00120748
 1425    -0.00116062
 1426    -0.00111385
 1427     0.00216904
 1428    -0.00115055
 1429     0.00585845
 1430    -0.00133665
 1431    -0.00128971
 1432     0.00720741
 1433    -0.00153309
 1434    -0.00148432
 1435    -0.00143483
 1436    -0.00138482
 1437    -0.00133449
 1438    -0.00128400
 1439     0.00394537
 1440    -0.00139029
 1441     0.00517377
 1442    -0.00154876
 1443    -0.00149661
 1444    -0.00144395
 1445     0.00502707
 1446    -0.00159457
 1447    -0.00154042
 1448    -0.00148578
 1449    -0.00143087
 1450    -0.00137586
 1451    -0.00132092
 1452    -0.00126622
 1453    -0.00121189
 1454    -0.00115808
 1455    -0.00110489
 1456     0.00310247
 1457     0.01031427
 1458    -0.00157476
 1459    -0.00152194
 1460    -0.00146860
 1461    -0.00141493
 1462    -0.00136112
 1463     0.00294576
 1464    -0.00142383
 1465     0.00525156
 1466    -0.00158063
 1467    -0.00152567
 1468     0.00172705
 1469     0.00357124
 1470    -0.00169112
 1471    -0.00163399
 1472    -0.00157632
 1473    -0.00151833
 1474    -0.00146023
 1475    -0.00014119
 1476    -0.00139478
 1477     0.00568258
 1478    -0.00156058
 1479    -0.00150262
 1480    -0.00144458
 1481     0.00678877
 1482    -0.00165592
 1483    -0.00159724
 1484    -0.00153825
 1485    -0.00147916
 1486    -0.00142015
 1487    -0.00136138
 1488    -0.00130301
 1489     0.00271415
 1490    -0.00134639
 1491    -0.00128935
 1492     0.01098903
 1493    -0.00166562
 1494    -0.00160829
 1495    -0.00155052
 1496    -0.00149252
 1497    -0.00143447
 1498     0.00153502
 1499    -0.00143537
 1500     0.00140626
 1501    -0.00143159
 1502    -0.00137411
 1503     0.00126947
 1504    -0.00136354
 1505    -0.00130685
 1506    -0.00125056
 1507    -0.00119482
 1508    -0.00113974
 1509    -0.00108545
 1510     0.00489961
 1511    -0.00121681
 1512     0.00279613
 1513    -0.00127087
 1514    -0.00121890
 1515     0.00972770
 1516    -0.00155172
 1517    -0.00149916
 1518    -0.00144613
 1519    -0.00139281
 1520    -0.00133939
 1521    -0.00006363
 1522    -0.00128178
 1523    -0.00122879
 1524    -0.00117616
 1525    -0.00112401
 1526     0.00655617
 1527     0.00518156
 1528    -0.00153565
 1529    -0.00148327
 1530    -0.00143044
 1531    -0.00137737
 1532    -0.00132422
 1533     0.00261367
 1534    -0.00137369
 1535     0.00318352
 1536    -0.00144767
 1537    -0.00139411
 1538     0.00510406
 1539    -0.00154461
 1540    -0.00149014
 1541    -0.00143538
 1542    -0.00138049
 1543    -0.00132565
 1544     0.00286507
 1545    -0.00138217
 1546     0.00185127
 1547    -0.00140048
 1548    -0.00134594
 1549    -0.00129153
 1550     0.00536657
 1551    -0.00144778
 1552    -0.00139346
 1553    -0.00133912
 1554    -0.00128491
 1555    -0.00123098
 1556    -0.00117747
 1557    -0.00112452
 1558    -0.00107223
 1559    -0.00102071
 1560     0.00224043
 1561     0.00308437
 1562    -0.00116479
 1563    -0.00111559
 1564    -0.00106680
 1565    -0.00101853
 1566     0.00351856
 1567    -0.00110349
 1568     0.00298446
 1569    -0.00117171
 1570    -0.00112503
 1571     0.00280225
 1572     0.00405788
 1573    -0.00135091
 1574    -0.00130370
 1575    -0.00125618
 1576    -0.00120854
 1577     0.00330003
 1578    -0.00129182
 1579     0.00123966
 1580    -0.00129514
 1581    -0.00124675
 1582    -0.00119832
 1583     0.00121246
 1584    -0.00119640
 1585    -0.00114827
 1586    -0.00110037
 1587    -0.00105282
 1588    -0.00100575
 1589    -0.00095924
 1590     0.00237183
 1591    -0.00099971
 1592    -0.00095489
 1593     0.00571786
 1594     0.00607033
 1595    -0.00137606
 1596    -0.00133086
 1597    -0.00128512
 1598    -0.00123903
 1599     0.00787376
 1600    -0.00150900
 1601     0.00064049
 1602    -0.00149672
 1603    -0.00144731
 1604     0.00410459
 1605    -0.00156702
 1606    -0.00151553
 1607    -0.00146343
 1608    -0.00141093
 1609    -0.00135821
 1610     0.00495920
 1611    -0.00150333
 1612     0.00131216
 1613    -0.00150657
 1614    -0.00145227
 1615     0.00018168
 1616     0.00284246
 1617    -0.00152164
 1618    -0.00146635
 1619    -0.00141089
 1620    -0.00135544
 1621     0.00456825
 1622    -0.00147987
 1623    -0.00142434
 1624    -0.00136879
 1625    -0.00131337
 1626     0.00563899
 1627    -0.00147937
 1628    -0.00142404
 1629    -0.00136867
 1630    -0.00131341
 1631    -0.00125844
 1632     0.00072599
 1633    -0.00122707
 1634     0.00037029
 1635    -0.00118204
 1636     0.00221661
 1637    -0.00121113
 1638    -0.00115924
 1639    -0.00110783
 1640    -0.00105702
 1641    -0.00100691
 1642     0.00429968
 1643    -0.00111943
 1644     0.00242799
 1645    -0.00116308
 1646    -0.00111516
 1647    -0.00106755
 1648     0.00010817
 1649    -0.00101886
 1650    -0.00097266
 1651    -0.00092706
 1652    -0.00088216
 1653    -0.00083804
 1654    -0.00079476
 1655    -0.00075239
 1656    -0.00071099
 1657     0.00405204
 1658     0.00320948
 1659    -0.00094227
 1660    -0.00090316
 1661    -0.00086433
 1662    -0.00082587
 1663     0.00320136
 1664    -0.00090992
 1665     0.00227744
 1666    -0.00096102
 1667    -0.00092350
 1668     0.00696397
 1669    -0.00015990
 1670    -0.00116461
 1671    -0.00112570
 1672    -0.00108639
 1673    -0.00104683
 1674     0.00388762
 1675    -0.00116323
 1676     0.00223101
 1677    -0.00121630
 1678    -0.00117491
 1679     0.00548657
 1680    -0.00135594
 1681    -0.00131277
 1682    -0.00126896
 1683    -0.00122470
 1684    -0.00118016
 1685    -0.00113547
 1686     0.00257616
 1687    -0.00119291
 1688    -0.00114800
 1689     0.00342304
 1690    -0.00123928
 1691    -0.00119394
 1692    -0.00114848
 1693    -0.00110305
 1694     0.00375401
 1695    -0.00120523
 1696     0.00497395
 1697    -0.00135966
 1698    -0.00131328
 1699     0.00429570
 1700    -0.00144197
 1701    -0.00139394
 1702    -0.00134541
 1703    -0.00129656
 1704    -0.00124755
 1705     0.00089679
 1706    -0.00123348
 1707     0.00217129
 1708    -0.00126998
 1709     0.00257470
 1710     0.00123057
 1711    -0.00137657
 1712    -0.00132669
 1713    -0.00127665
 1714    -0.00122660
 1715     0.00275343
 1716    -0.00128424
 1717    -0.00123434
 1718    -0.00118454
 1719     0.00195193
 1720     0.00163946
 1721    -0.00127399
 1722    -0.00122456
 1723    -0.00117524
 1724    -0.00112615
 1725     0.00252866
 1726    -0.00117341
 1727     0.00664684
 1728    -0.00138799
 1729    -0.00063375
 1730    -0.00131816
 1731    -0.00126876
 1732    -0.00121933
 1733    -0.00117002
 1734    -0.00112097
 1735     0.00348755
 1736    -0.00120647
 1737     0.00571196
 1738    -0.00138470
 1739    -0.00133570
 1740     0.00263872
 1741    -0.00139406
 1742    -0.00134409
 1743    -0.00129390
 1744    -0.00124367
 1745    -0.00119354
 1746    -0.00114366
 1747    -0.00109416
 1748    -0.00104515
 1749     0.00198393
 1750     0.00452072
 1751    -0.00124432
 1752    -0.00119647
 1753    -0.00114868
 1754    -0.00110110
 1755     0.00449344
 1756    -0.00122888
 1757     0.00238301
 1758    -0.00127705
 1759     0.00351718
 1760     0.00062563
 1761    -0.00140317
 1762    -0.00135419
 1763    -0.00130489
 1764    -0.00125544
 1765     0.00032991
 1766    -0.00121815
 1767     0.00463252
 1768    -0.00135191
 1769    -0.00130228
 1770     0.00189975
 1771    -0.00132891
 1772    -0.00127885
 1773    -0.00122878
 1774    -0.00117885
 1775    -0.00112920
 1776    -0.00107994
 1777     0.00321311
 1778    -0.00115283
 1779     0.00162293
 1780     0.00539383
 1781    -0.00138057
 1782    -0.00133195
 1783    -0.00128306
 1784    -0.00123405
 1785     0.00119564
 1786     0.00204218
 1787    -0.00131354
 1788    -0.00126428
 1789     0.00256647
 1790    -0.00131704
 1791    -0.00126747
 1792    -0.00121788
 1793    -0.00116843
 1794    -0.00008305
 1795    -0.00111190
 1796     0.00425461
 1797    -0.00122816
 1798    -0.00117990
 1799     0.00122090
 1800    -0.00117803
 1801    -0.00113018
 1802    -0.00108260
 1803    -0.00103539
 1804     0.00087675
 1805    -0.00101718
 1806    -0.00097143
 1807    -0.00092626
 1808     0.00114210
 1809     0.00182265
 1810    -0.00098527
 1811    -0.00094218
 1812    -0.00089954
 1813    -0.00085746
 1814     0.00280175
 1815     0.00342273
 1816    -0.00105305
 1817    -0.00101216
 1818     0.00189570
 1819    -0.00104543
 1820    -0.00100464
 1821    -0.00096395
 1822    -0.00092348
 1823     0.00411747
 1824    -0.00104358
 1825     0.00285213
 1826    -0.00111761
 1827    -0.00107705
 1828     0.00478689
 1829    -0.00122855
 1830    -0.00118698
 1831    -0.00114502
 1832    -0.00110283
 1833    -0.00106056
 1834    -0.00101834
 1835    -0.00097629
 1836    -0.00093452
 1837     0.00280772
 1838     0.00048323
 1839    -0.00101856
 1840    -0.00097757
 1841    -0.00093677
 1842     0.00064196
 1843    -0.00091770
 1844     0.00437143
 1845    -0.00104829
 1846     0.00135761
 1847     0.00287871
 1848    -0.00118068
 1849    -0.00113986
 1850    -0.00109874
 1851    -0.00105747
 1852     0.00304288
 1853     0.00091365
 1854    -0.00117768
 1855    -0.00113555
 1856     0.00063844
 1857    -0.00112013
 1858    -0.00107756
 1859    -0.00103500
 1860    -0.00099259
 1861    -0.00095044
 1862    -0.00090866
 1863    -0.00033691
 1864    -0.00084777
 1865     0.00057319
 1866     0.00072754
 1867    -0.00084605
 1868    -0.00080729
 1869    -0.00076906
 1870     0.00611685
 1871    -0.00096837
 1872     0.00205102
 1873    -0.00101288
 1874     0.00038543
 1875    -0.00099187
 1876    -0.00095397
 1877    -0.00091610
 1878    -0.00087838
 1879    -0.00084090
 1880     0.00249529
 1881     0.00270256
 1882    -0.00100621
 1883    -0.00096901
 1884     0.00563917
 1885    -0.00115732
 1886    -0.00111912
 1887    -0.00108049
 1888    -0.00104158
 1889     0.00339436
 1890    -0.00113927
 1891    -0.00109951
 1892    -0.00105950
 1893     0.00216747
 1894     0.00093661
 1895    -0.00114785
 1896    -0.00110685
 1897    -0.00106566
 1898     0.00207838
 1899    -0.00110734
 1900     0.00182846
 1901    -0.00114005
 1902     0.00296055
 1903    -0.00121839
 1904    -0.00117571
 1905    -0.00113275
 1906    -0.00108969
 1907     0.00190474
 1908    -0.00112178
 1909     0.00177289
 1910    -0.00114958
 1911    -0.00110619
 1912     0.00137526
 1913    -0.00111701
 1914    -0.00107356
 1915    -0.00103021
 1916    -0.00098707
 1917    -0.00094427
 1918    -0.00090190
 1919    -0.00086005
 1920     0.00337265
 1921     0.00385017
 1922    -0.00109718
 1923    -0.00105620
 1924    -0.00101518
 1925     0.00194944
 1926    -0.00105045
 1927     0.00047523
 1928    -0.00102807
 1929     0.00128357
 1930    -0.00052533
 1931    -0.00101692
 1932    -0.00097612
 1933    -0.00093551
 1934     0.00338558
 1935    -0.00102645
 1936     0.00288416
 1937    -0.00110096
 1938    -0.00106043
 1939     0.00464087
 1940    -0.00120562
 1941    -0.00116422
 1942    -0.00112250
 1943    -0.00108060
 1944    -0.00103866
 1945    -0.00014080
 1946    -0.00098940
 1947     0.00118891
 1948     0.00070483
 1949    -0.00101897
 1950    -0.00097785
 1951    -0.00093693
 1952     0.00454932
 1953    -0.00107391
 1954     0.00094805
 1955    -0.00107187
 1956     0.00156253
 1957    -0.00109391
 1958    -0.00105277
 1959    -0.00101163
 1960    -0.00097059
 1961     0.00288879
 1962    -0.00104199
 1963     0.00277574
 1964    -0.00111168
 1965     0.00112687
 1966     0.00041483
 1967    -0.00113718
 1968    -0.00109539
 1969    -0.00105351
 1970     0.00133135
 1971    -0.00106369
 1972    -0.00102187
 1973    -0.00098018
 1974     0.00267418
 1975     0.00185814
 1976    -0.00111682
 1977    -0.00107518
 1978    -0.00103350
 1979     0.00341595
 1980    -0.00112678
 1981     0.00272565
 1982    -0.00119541
 1983     0.00341952
 1984    -0.00129305
 1985    -0.00124948
 1986    -0.00120550
 1987    -0.00116126
 1988     0.00252660
 1989     0.00124157
 1990    -0.00127193
 1991    -0.00122664
 1992     0.00109777
 1993    -0.00122668
 1994    -0.00118078
 1995    -0.00113485
 1996    -0.00108902
 1997    -0.00104342
 1998    -0.00099818
 1999    -0.00095339
 2000     0.00292531
 2001    -0.00052510
 2002    -0.00099513
 2003    -0.00095191
 2004    -0.00090913
 2005     0.00438532
 2006    -0.00103531
 2007    -0.00033117
 2008    -0.00097833
 2009     0.00038687
 2010     0.00266087
 2011    -0.00105229
 2012    -0.00101120
 2013    -0.00097022
 2014     0.00173664
 2015     0.00247874
 2016    -0.00109409
 2017    -0.00105323
 2018     0.00009984
 2019    -0.00101599
 2020    -0.00097518
 2021    -0.00093457
 2022    -0.00089425
 2023    -0.00085432
 2024     0.00181627
 2025    -0.00088123
 2026     0.00228624
 2027     0.00278327
 2028    -0.00103953
 2029    -0.00100082
 2030    -0.00096207
 2031     0.00072222
 2032    -0.00095070
 2033     0.00050766
 2034    -0.00093069
 2035     0.00275667
 2036    -0.00100039
 2037    -0.00096209
 2038    -0.00092383
 2039    -0.00088573
 2040     0.00231374
 2041     0.00161883
 2042    -0.00100137
 2043     0.00033802
 2044     0.00015070
 2045    -0.00098475
 2046    -0.00094664
 2047    -0.00090860
 2048     0.00102416
 2049    -0.00090893
 2050    -0.00087138
 2051    -0.00083409
 2052     0.00272946
 2053    -0.00090165
 2054    -0.00086501
 2055    -0.00082858
 2056    -0.00079245
 2057     0.00289945
 2058     0.00182519
 2059    -0.00093988
 2060     0.00494399
 2061    -0.00110243
 2062    -0.00106588
 2063    -0.00102892
 2064    -0.00099170
 2065     0.00033344
 2066    -0.00096851
 2067     0.00098902
 2068    -0.00097041
 2069     0.00145981
 2070    -0.00099103
 2071    -0.00095330
 2072    -0.00091559
 2073    -0.00087802
 2074    -0.00084067
 2075    -0.00080366
 2076    -0.00076706
 2077     0.00087159
 2078    -0.00023111
 2079    -0.00074541
 2080    -0.00071062
 2081    -0.00067635
 2082     0.00120818
 2083     0.00272796
 2084    -0.00078739
 2085    -0.00075466
 2086     0.00357497
 2087    -0.00086182
 2088    -0.00082927
 2089    -0.00079672
 2090     0.00167514
 2091    -0.00082956
 2092     0.00218939
 2093    -0.00088423
 2094     0.00241330
 2095    -0.00094937
 2096    -0.00091610
 2097    -0.00088264
 2098    -0.00084908
 2099    -0.00081554
 2100     0.00056029
 2101    -0.00080258
 2102     0.00247823
 2103     0.00086185
 2104    -0.00090226
 2105    -0.00086879
 2106    -0.00083528
 2107     0.00051125
 2108     0.00216111
 2109    -0.00090698
 2110     0.00161082
 2111    -0.00093900
 2112    -0.00090493
 2113    -0.00087075
 2114    -0.00083658
 2115     0.00246859
 2116    -0.00089943
 2117     0.00180186
 2118    -0.00093777
 2119     0.00304176
 2120    -0.00102646
 2121    -0.00099123
 2122    -0.00095572
 2123     0.00187315
 2124    -0.00099608
 2125    -0.00095997
 2126    -0.00092375
 2127     0.00389372
 2128    -0.00104261
 2129    -0.00100585
 2130    -0.00096890
 2131    -0.00093186
 2132     0.00289815
 2133     0.00278230
 2134    -0.00112404
 2135     0.00049811
 2136    -0.00111102
 2137    -0.00107218
 2138    -0.00103309
 2139    -0.00099389
 2140     0.00016467
 2141     0.00098514
 2142    -0.00099920
 2143    -0.00096006
 2144     0.00178519
 2145    -0.00099044
 2146    -0.00095147
 2147    -0.00091262
 2148    -0.00087400
 2149    -0.00083571
 2150    -0.00079783
 2151     0.00224106
 2152     0.00249865
 2153    -0.00094062
 2154    -0.00090372
 2155    -0.00086692
 2156    -0.00000084
 2157     0.00112633
 2158    -0.00086930
 2159     0.00340532
 2160     0.00035112
 2161    -0.00098359
 2162    -0.00094718
 2163    -0.00091070
 2164     0.00160729
 2165     0.00053192
 2166    -0.00095957
 2167    -0.00092295
 2168     0.00092854
 2169    -0.00092250
 2170    -0.00088596
 2171    -0.00084956
 2172    -0.00081339
 2173     0.00137287
 2174    -0.00082809
 2175     0.00082134
 2176     0.00251544
 2177    -0.00092083
 2178    -0.00088565
 2179    -0.00085049
 2180     0.00072811
 2181     0.00087372
 2182    -0.00087628
 2183     0.00351344
 2184    -0.00098094
 2185    -0.00094573
 2186    -0.00091037
 2187    -0.00087498
 2188     0.00116482
 2189     0.00202945
 2190    -0.00096603
 2191     0.00109068
 2192     0.00151063
 2193    -0.00103909
 2194    -0.00100263
 2195    -0.00096594
 2196     0.00077703
 2197    -0.00096064
 2198    -0.00092372
 2199     0.00009256
 2200     0.00286871
 2201    -0.00100296
 2202    -0.00096591
 2203    -0.00092879
 2204     0.00056335
 2205     0.00065981
 2206    -0.00093899
 2207     0.00003385
 2208    -0.00090255
 2209    -0.00086573
 2210    -0.00082913
 2211    -0.00079283
 2212     0.00250468
 2213     0.00122206
 2214    -0.00089939
 2215    -0.00086382
 2216     0.00381335
 2217    -0.00097878
 2218    -0.00094305
 2219    -0.00090723
 2220    -0.00087142
 2221    -0.00083574
 2222    -0.00080027
 2223     0.00272857
 2224    -0.00087005
 2225    -0.00083512
 2226    -0.00080036
 2227     0.00157522
 2228    -0.00082530
 2229     0.00083058
 2230    -0.00082206
 2231     0.00483961
 2232    -0.00097955
 2233    -0.00094520
 2234    -0.00091064
 2235     0.00182503
 2236    -0.00094939
 2237    -0.00000211
 2238    -0.00091585
 2239     0.00074026
 2240    -0.00091039
 2241    -0.00087513
 2242    -0.00083994
 2243    -0.00080492
 2244     0.00127894
 2245    -0.00081768
 2246     0.00124104
 2247     0.00167507
 2248    -0.00089630
 2249    -0.00086199
 2250    -0.00082772
 2251     0.00098303
 2252     0.00178489
 2253    -0.00090140
 2254     0.00081786
 2255    -0.00090046
 2256    -0.00086612
 2257    -0.00083180
 2258     0.00031310
 2259    -0.00080805
 2260     0.00092173
 2261    -0.00080841
 2262     0.00413061
 2263    -0.00093771
 2264    -0.00090385
 2265    -0.00086987
 2266    -0.00083588
 2267    -0.00080198
 2268    -0.00076826
 2269    -0.00073481
 2270     0.00276313
 2271    -0.00080759
 2272    -0.00077478
 2273    -0.00074216
 2274     0.00082355
 2275     0.00063538
 2276    -0.00076220
 2277     0.00055004
 2278    -0.00075003
 2279    -0.00071855
 2280    -0.00068732
 2281     0.00128184
 2282    -0.00070340
 2283     0.00152532
 2284    -0.00073079
 2285     0.00038515
 2286    -0.00071417
 2287    -0.00068432
 2288    -0.00065470
 2289    -0.00062538
 2290    -0.00059642
 2291    -0.00056787
 2292     0.00114499
 2293     0.00443533
 2294    -0.00075290
 2295    -0.00072517
 2296    -0.00069738
 2297     0.00097541
 2298     0.00214270
 2299    -0.00079401
 2300     0.00184163
 2301    -0.00084182
 2302    -0.00081301
 2303    -0.00078396
 2304     0.00078068
 2305    -0.00078698
 2306     0.00236346
 2307    -0.00085293
 2308     0.00282164
 2309    -0.00093866
 2310    -0.00090784
 2311    -0.00087666
 2312    -0.00084524
 2313     0.00018324
 2314    -0.00082196
 2315     0.00166260
 2316    -0.00062997
 2317    -0.00083386
 2318    -0.00080185
 2319     0.00158679
 2320    -0.00083231
 2321     0.00085774
 2322    -0.00083461
 2323    -0.00024430
 2324    -0.00079271
 2325    -0.00076067
 2326    -0.00072880
 2327     0.00282541
 2328     0.00150283
 2329    -0.00086756
 2330     0.00010767
 2331    -0.00005996
 2332    -0.00084071
 2333    -0.00080854
 2334     0.00022504
 2335    -0.00078443
 2336    -0.00075245
 2337    -0.00072066
 2338     0.00407871
 2339    -0.00084861
 2340    -0.00081699
 2341    -0.00078534
 2342     0.00130332
 2343     0.00083636
 2344    -0.00083864
 2345     0.00074054
 2346    -0.00083702
 2347    -0.00080510
 2348    -0.00077320
 2349     0.00108342
 2350    -0.00078282
 2351     0.00150260
 2352    -0.00080988
 2353     0.00052089
 2354    -0.00079871
 2355    -0.00076712
 2356    -0.00073565
 2357    -0.00070437
 2358    -0.00067336
 2359    -0.00064270
 2360     0.00290911
 2361    -0.00072351
 2362    -0.00069364
 2363    -0.00066396
 2364    -0.00038778
 2365     0.00223249
 2366    -0.00070056
 2367     0.00037004
 2368     0.00028800
 2369    -0.00069525
 2370    -0.00066677
 2371     0.00152940
 2372    -0.00069710
 2373     0.00084345
 2374    -0.00070146
 2375     0.00123274
 2376    -0.00072174
 2377    -0.00069368
 2378    -0.00066569
 2379    -0.00063784
 2380     0.00127494
 2381    -0.00065823
 2382     0.00309477
 2383    -0.00075272
 2384    -0.00072518
 2385    -0.00069756
 2386     0.00216224
 2387     0.00167807
 2388    -0.00082525
 2389     0.00020193
 2390    -0.00080837
 2391    -0.00077955
 2392    -0.00075059
 2393     0.00183861
 2394    -0.00079504
 2395    -0.00025407
 2396     0.00132965
 2397     0.00081802
 2398    -0.00084646
 2399    -0.00081642
 2400     0.00003556
 2401     0.00000507
 2402    -0.00079026
 2403    -0.00075983
 2404     0.00438507
 2405    -0.00090372
 2406    -0.00087278
 2407    -0.00084159
 2408     0.00083262
 2409     0.00224456
 2410    -0.00093655
 2411     0.00070470
 2412    -0.00093635
 2413    -0.00090352
 2414    -0.00087050
 2415     0.00042274
 2416     0.00166854
 2417    -0.00092240
 2418    -0.00088884
 2419     0.00238606
 2420    -0.00095114
 2421    -0.00091702
 2422    -0.00088276
 2423    -0.00084848
 2424    -0.00081426
 2425     0.00190169
 2426     0.00085044
 2427    -0.00088792
 2428    -0.00085384
 2429     0.00025486
 2430    -0.00082888
 2431     0.00043492
 2432    -0.00037887
 2433     0.00023472
 2434    -0.00080196
 2435    -0.00076862
 2436    -0.00031704
 2437     0.00070382
 2438     0.00124460
 2439    -0.00079117
 2440     0.00156051
 2441    -0.00081949
 2442    -0.00078724
 2443    -0.00075509
 2444    -0.00072313
 2445     0.00156123
 2446    -0.00075018
 2447     0.00406124
 2448    -0.00087892
 2449    -0.00084730
 2450    -0.00081556
 2451     0.00057927
 2452     0.00107762
 2453    -0.00085021
 2454     0.00047437
 2455    -0.00083792
 2456    -0.00080579
 2457    -0.00077369
 2458     0.00074715
 2459     0.00007848
 2460    -0.00077170
 2461     0.00164962
 2462    -0.00080414
 2463    -0.00077254
 2464    -0.00074104
 2465    -0.00070971
 2466    -0.00067865
 2467    -0.00064792
 2468     0.00127153
 2469    -0.00066327
 2470    -0.00063359
 2471    -0.00060426
 2472     0.00233281
 2473     0.00276520
 2474    -0.00077195
 2475     0.00022859
 2476    -0.00075331
 2477    -0.00072443
 2478    -0.00069558
 2479     0.00042030
 2480     0.00115111
 2481    -0.00072661
 2482    -0.00069804
 2483     0.00017570
 2484    -0.00067504
 2485    -0.00064681
 2486    -0.00061879
 2487    -0.00059106
 2488    -0.00056367
 2489     0.00098026
 2490     0.00246201
 2491    -0.00066576
 2492    -0.00063929
 2493    -0.00019172
 2494     0.00036937
 2495    -0.00061646
 2496     0.00152539
 2497     0.00038675
 2498    -0.00066500
 2499    -0.00063909
 2500     0.00035108
 2501     0.00079712
 2502    -0.00065732
 2503     0.00065224
 2504    -0.00065719
 2505    -0.00063141
 2506    -0.00060571
 2507    -0.00058015
 2508     0.00112918
 2509    -0.00059707
 2510     0.00278816
 2511    -0.00068155
 2512    -0.00065637
 2513    -0.00063115
 2514     0.00000204
 2515     0.00021822
 2516    -0.00061309
 2517     0.00140769
 2518    -0.00064307
 2519    -0.00061808
 2520    -0.00059314
 2521     0.00004152
 2522     0.00083286
 2523    -0.00059965
 2524     0.00357475
 2525    -0.00071678
 2526    -0.00069192
 2527    -0.00066688
 2528     0.00027555
 2529    -0.00065332
 2530    -0.00062811
 2531     0.00326412
 2532    -0.00073252
 2533    -0.00070697
 2534    -0.00068125
 2535     0.00048006
 2536     0.00067864
 2537    -0.00070330
 2538     0.00055381
 2539    -0.00070027
 2540    -0.00067395
 2541     0.00117663
 2542    -0.00069432
 2543     0.00081006
 2544    -0.00070056
 2545     0.00194147
 2546    -0.00075200
 2547    -0.00072506
 2548    -0.00069800
 2549    -0.00067092
 2550    -0.00064389
 2551     0.00262085
 2552     0.00058940
 2553    -0.00074516
 2554    -0.00071792
 2555    -0.00043694
 2556     0.00142206
 2557    -0.00073004
 2558     0.00119670
 2559     0.00002026
 2560    -0.00075417
 2561    -0.00072626
 2562    -0.00034786
 2563     0.00066869
 2564    -0.00071065
 2565     0.00061143
 2566    -0.00070661
 2567    -0.00067870
 2568    -0.00065088
 2569    -0.00062323
 2570    -0.00002067
 2571    -0.00059172
 2572     0.00316910
 2573    -0.00068772
 2574    -0.00066098
 2575     0.00067514
 2576    -0.00066013
 2577     0.00056029
 2578     0.00074959
 2579    -0.00068458
 2580    -0.00065802
 2581    -0.00063152
 2582    -0.00025360
 2583    -0.00059302
 2584     0.00045641
 2585     0.00151092
 2586     0.00049382
 2587    -0.00066018
 2588    -0.00063447
 2589     0.00049433
 2590    -0.00062742
 2591    -0.00060190
 2592     0.00241062
 2593    -0.00067083
 2594    -0.00064541
 2595    -0.00062000
 2596     0.00008205
 2597     0.00095196
 2598    -0.00063340
 2599     0.00120900
 2600    -0.00065586
 2601    -0.00063065
 2602     0.00114021
 2603    -0.00065022
 2604    -0.00026003
 2605    -0.00061446
 2606     0.00053346
 2607    -0.00060932
 2608    -0.00058439
 2609    -0.00055961
 2610    -0.00053504
 2611    -0.00051074
 2612     0.00431887
 2613    -0.00065534
 2614    -0.00063130
 2615    -0.00060721
 2616     0.00087883
 2617     0.00102189
 2618    -0.00065910
 2619     0.00292731
 2620    -0.00075289
 2621    -0.00072794
 2622     0.00009416
 2623    -0.00070919
 2624     0.00058787
 2625    -0.00070868
 2626     0.00104298
 2627    -0.00072573
 2628    -0.00069944
 2629    -0.00067305
 2630     0.00068666
 2631    -0.00067368
 2632     0.00259659
 2633    -0.00075069
 2634    -0.00072395
 2635    -0.00069708
 2636     0.00010685
 2637     0.00015920
 2638    -0.00068086
 2639     0.00133164
 2640    -0.00070654
 2641    -0.00067955
 2642     0.00125253
 2643     0.00122844
 2644    -0.00075207
 2645    -0.00014898
 2646     0.00038478
 2647    -0.00073706
 2648    -0.00070938
 2649    -0.00034276
 2650    -0.00066763
 2651    -0.00064010
 2652     0.00266812
 2653    -0.00071686
 2654    -0.00068950
 2655    -0.00001890
 2656    -0.00066065
 2657     0.00083419
 2658    -0.00002260
 2659    -0.00066385
 2660    -0.00063687
 2661    -0.00061005
 2662     0.00150505
 2663    -0.00007978
 2664    -0.00063670
 2665     0.00138237
 2666    -0.00066399
 2667    -0.00063778
 2668    -0.00061165
 2669    -0.00058568
 2670    -0.00055993
 2671     0.00065599
 2672    -0.00001193
 2673    -0.00055382
 2674    -0.00052909
 2675     0.00162501
 2676     0.00110829
 2677    -0.00060863
 2678     0.00193206
 2679    -0.00066108
 2680    -0.00063675
 2681     0.00183365
 2682    -0.00068583
 2683     0.00016345
 2684    -0.00066934
 2685     0.00061636
 2686    -0.00066985
 2687    -0.00064472
 2688    -0.00061956
 2689     0.00087756
 2690    -0.00062839
 2691     0.00227328
 2692    -0.00069350
 2693    -0.00066825
 2694     0.00216437
 2695    -0.00072988
 2696    -0.00003940
 2697     0.00060148
 2698    -0.00073107
 2699    -0.00070475
 2700    -0.00067833
 2701     0.00058640
 2702     0.00002338
 2703    -0.00067653
 2704     0.00143939
 2705    -0.00070717
 2706    -0.00068053
 2707     0.00114184
 2708    -0.00069913
 2709    -0.00067240
 2710     0.00013562
 2711     0.00016257
 2712    -0.00065626
 2713    -0.00062971
 2714    -0.00010917
 2715     0.00048111
 2716    -0.00061392
 2717     0.00050908
 2718    -0.00060613
 2719    -0.00058049
 2720     0.00041361
 2721     0.00089452
 2722    -0.00060217
 2723    -0.00001505
 2724    -0.00057489
 2725    -0.00055023
 2726    -0.00052581
 2727    -0.00050166
 2728    -0.00047786
 2729     0.00106392
 2730     0.00017269
 2731    -0.00049593
 2732    -0.00047334
 2733     0.00122855
 2734     0.00024539
 2735    -0.00050408
 2736     0.00009868
 2737    -0.00048406
 2738    -0.00046269
 2739     0.00087965
 2740    -0.00017666
 2741     0.00071951
 2742     0.00142741
 2743    -0.00054768
 2744    -0.00052697
 2745    -0.00050625
 2746    -0.00048560
 2747    -0.00007428
 2748     0.00024127
 2749     0.00097854
 2750    -0.00050593
 2751    -0.00048576
 2752     0.00080362
 2753    -0.00017978
 2754    -0.00048916
 2755     0.00033605
 2756    -0.00048159
 2757    -0.00046178
 2758     0.00108074
 2759     0.00005689
 2760    -0.00026060
 2761     0.00164938
 2762    -0.00054049
 2763    -0.00052076
 2764    -0.00050097
 2765     0.00097410
 2766    -0.00051968
 2767     0.00085673
 2768     0.00040312
 2769    -0.00055175
 2770    -0.00053158
 2771     0.00156864
 2772     0.00066345
 2773    -0.00060334
 2774     0.00142478
 2775    -0.00064183
 2776    -0.00062044
 2777    -0.00002184
 2778     0.00090340
 2779    -0.00063833
 2780     0.00070819
 2781    -0.00064664
 2782    -0.00062394
 2783    -0.00060111
 2784    -0.00057822
 2785    -0.00055535
 2786     0.00052327
 2787     0.00096826
 2788    -0.00059029
 2789    -0.00056753
 2790     0.00127079
 2791     0.00006069
 2792     0.00040186
 2793     0.00050288
 2794    -0.00063705
 2795    -0.00061381
 2796     0.00055777
 2797     0.00011999
 2798    -0.00061905
 2799     0.00019478
 2800    -0.00060363
 2801    -0.00058006
 2802    -0.00055655
 2803     0.00044416
 2804    -0.00054906
 2805     0.00086772
 2806    -0.00055872
 2807    -0.00053578
 2808     0.00017318
 2809    -0.00051783
 2810     0.00185438
 2811     0.00045097
 2812    -0.00058545
 2813    -0.00056298
 2814    -0.00054053
 2815     0.00043131
 2816     0.00110896
 2817     0.00035478
 2818     0.00015109
 2819    -0.00059982
 2820    -0.00057728
 2821     0.00002528
 2822    -0.00055544
 2823     0.00115527
 2824     0.00048448
 2825    -0.00059815
 2826    -0.00057554
 2827     0.00088244
 2828     0.00055006
 2829    -0.00061064
 2830     0.00001242
 2831    -0.00058898
 2832    -0.00056609
 2833     0.00005450
 2834     0.00100870
 2835    -0.00058387
 2836     0.00064605
 2837    -0.00058667
 2838    -0.00056386
 2839    -0.00054111
 2840    -0.00051847
 2841    -0.00049601
 2842     0.00202102
 2843    -0.00055158
 2844    -0.00052950
 2845    -0.00014043
 2846     0.00129053
 2847    -0.00055031
 2848     0.00144244
 2849    -0.00058566
 2850    -0.00056376
 2851     0.00092487
 2852    -0.00057862
 2853     0.00127432
 2854    -0.00009906
 2855    -0.00013493
 2856    -0.00060236
 2857    -0.00057985
 2858    -0.00055732
 2859     0.00016356
 2860     0.00092912
 2861     0.00043478
 2862    -0.00059487
 2863    -0.00057232
 2864     0.00006383
 2865     0.00119027
 2866     0.00156003
 2867    -0.00066278
 2868    -0.00063978
 2869    -0.00061662
 2870     0.00055619
 2871     0.00089937
 2872    -0.00013178
 2873     0.00091144
 2874    -0.00068923
 2875    -0.00066509
 2876    -0.00015970
 2877    -0.00063569
 2878     0.00020482
 2879     0.00060372
 2880    -0.00064399
 2881    -0.00061943
 2882     0.00082146
 2883    -0.00010789
 2884     0.00124601
 2885    -0.00067347
 2886    -0.00064865
 2887    -0.00062379
 2888    -0.00027132
 2889    -0.00009676
 2890    -0.00058231
 2891    -0.00019901
 2892    -0.00054782
 2893    -0.00052369
 2894    -0.00049983
 2895    -0.00047629
 2896    -0.00045311
 2897     0.00123807
 2898    -0.00047474
 2899    -0.00045261
 2900    -0.00005626
 2901     0.00091642
 2902    -0.00045686
 2903     0.00111046
 2904    -0.00047712
 2905    -0.00045654
 2906     0.00069421
 2907     0.00103358
 2908    -0.00050095
 2909     0.00065345
 2910    -0.00050620
 2911    -0.00048614
 2912    -0.00046616
 2913     0.00010520
 2914     0.00041817
 2915     0.00063252
 2916    -0.00048811
 2917    -0.00046858
 2918    -0.00009743
 2919     0.00036781
 2920     0.00015985
 2921    -0.00046267
 2922    -0.00044357
 2923    -0.00042460
 2924     0.00106016
 2925     0.00080707
 2926     0.00022260
 2927     0.00033251
 2928    -0.00050071
 2929    -0.00048186
 2930    -0.00028005
 2931    -0.00045151
 2932     0.00053314
 2933    -0.00000834
 2934    -0.00045199
 2935    -0.00043343
 2936     0.00034491
 2937     0.00089822
 2938     0.00004971
 2939    -0.00046409
 2940    -0.00044580
 2941    -0.00042756
 2942     0.00119185
 2943     0.00055850
 2944    -0.00047800
 2945     0.00116281
 2946    -0.00050657
 2947    -0.00048820
 2948    -0.00046976
 2949    -0.00045133
 2950     0.00020875
 2951    -0.00044033
 2952    -0.00042209
 2953     0.00078101
 2954    -0.00043343
 2955     0.00042259
 2956     0.00218258
 2957    -0.00051793
 2958    -0.00049980
 2959     0.00052764
 2960     0.00073748
 2961    -0.00053479
 2962     0.00026788
 2963    -0.00052859
 2964    -0.00050956
 2965    -0.00049046
 2966     0.00028138
 2967    -0.00048239
 2968     0.00084481
 2969    -0.00049658
 2970    -0.00047744
 2971     0.00154973
 2972     0.00029548
 2973    -0.00053298
 2974     0.00069786
 2975    -0.00054255
 2976    -0.00052287
 2977     0.00041455
 2978     0.00043117
 2979    -0.00019243
 2980     0.00078213
 2981    -0.00056462
 2982    -0.00054432
 2983     0.00053745
 2984    -0.00054597
 2985     0.00000791
 2986     0.00003011
 2987    -0.00052788
 2988    -0.00050726
 2989     0.00002814
 2990     0.00079608
 2991     0.00024490
 2992    -0.00052778
 2993    -0.00050726
 2994     0.00060732
 2995    -0.00051018
 2996     0.00113331
 2997    -0.00005157
 2998    -0.00053322
 2999    -0.00051271
 3000    -0.00049222
 3001    -0.00047182
 3002    -0.00045156
 3003     0.00071094
 3004    -0.00045735
 3005    -0.00043760
 3006     0.00139127
 3007     0.00003111
 3008    -0.00047180
 3009     0.00106580
 3010    -0.00049399
 3011    -0.00047469
 3012     0.00005967
 3013     0.00054745
 3014    -0.00047797
 3015     0.00085250
 3016    -0.00049226
 3017    -0.00047313
 3018    -0.00045404
 3019     0.00008007
 3020     0.00093360
 3021    -0.00047286
 3022    -0.00045405
 3023     0.00103645
 3024     0.00056447
 3025    -0.00049846
 3026     0.00017785
 3027    -0.00048712
 3028    -0.00046824
 3029     0.00086143
 3030     0.00009555
 3031    -0.00048736
 3032     0.00034136
 3033    -0.00048200
 3034    -0.00046309
 3035     0.00072320
 3036    -0.00047218
 3037    -0.00014570
 3038     0.00093316
 3039    -0.00048352
 3040    -0.00046477
 3041     0.00083446
 3042     0.00016408
 3043    -0.00027737
 3044    -0.00047521
 3045    -0.00045644
 3046     0.00031897
 3047     0.00026321
 3048    -0.00045934
 3049     0.00062153
 3050    -0.00046480
 3051    -0.00044629
 3052    -0.00042786
 3053    -0.00040955
 3054    -0.00039140
 3055     0.00103617
 3056    -0.00041216
 3057    -0.00039451
 3058     0.00089298
 3059     0.00072436
 3060     0.00047256
 3061     0.00007240
 3062    -0.00046155
 3063     0.00060334
 3064     0.00019010
 3065    -0.00047714
 3066     0.00016478
 3067    -0.00046658
 3068    -0.00044874
 3069    -0.00043091
 3070     0.00013988
 3071    -0.00041763
 3072     0.00119598
 3073    -0.00044644
 3074    -0.00042891
 3075     0.00084949
 3076     0.00048421
 3077    -0.00021196
 3078    -0.00045669
 3079    -0.00043908
 3080     0.00004745
 3081     0.00051666
 3082    -0.00044287
 3083     0.00110174
 3084    -0.00046899
 3085    -0.00045139
 3086     0.00085721
 3087    -0.00046785
 3088    -0.00045015
 3089     0.00155474
 3090    -0.00049428
 3091    -0.00047639
 3092     0.00019828
 3093     0.00007334
 3094     0.00068164
 3095    -0.00049834
 3096    -0.00048008
 3097     0.00078471
 3098     0.00024567
 3099    -0.00050446
 3100     0.00046507
 3101    -0.00050529
 3102    -0.00048652
 3103    -0.00046774
 3104    -0.00044898
 3105     0.00079160
 3106     0.00064842
 3107    -0.00048642
 3108    -0.00046775
 3109     0.00035355
 3110     0.00056285
 3111     0.00135602
 3112    -0.00054000
 3113    -0.00052103
 3114     0.00075163
 3115     0.00011714
 3116    -0.00053962
 3117     0.00034482
 3118    -0.00053513
 3119    -0.00051539
 3120    -0.00049562
 3121     0.00022215
 3122    -0.00000585
 3123    -0.00010674
 3124    -0.00047903
 3125     0.00038547
 3126    -0.00024786
 3127    -0.00046334
 3128     0.00015381
 3129    -0.00044865
 3130    -0.00042951
 3131     0.00040482
 3132     0.00075531
 3133     0.00010804
 3134    -0.00010812
 3135    -0.00045207
 3136     0.00017413
 3137    -0.00043935
 3138    -0.00042096
 3139     0.00137740
 3140    -0.00045583
 3141    -0.00043767
 3142     0.00083927
 3143    -0.00009400
 3144     0.00167213
 3145    -0.00051508
 3146    -0.00049679
 3147    -0.00047841
 3148     0.00066743
 3149     0.00053856
 3150    -0.00001604
 3151    -0.00051027
 3152    -0.00049147
 3153    -0.00047263
 3154    -0.00045381
 3155     0.00007613
 3156    -0.00010678
 3157    -0.00043157
 3158    -0.00041314
 3159     0.00005608
 3160     0.00005622
 3161     0.00132131
 3162    -0.00044592
 3163    -0.00042811
 3164     0.00044054
 3165    -0.00018950
 3166    -0.00041868
 3167     0.00037355
 3168    -0.00041476
 3169    -0.00039741
 3170    -0.00038020
 3171    -0.00009939
 3172     0.00097467
 3173    -0.00039349
 3174    -0.00037688
 3175     0.00048819
 3176     0.00062181
 3177     0.00056879
 3178    -0.00042433
 3179    -0.00040799
 3180    -0.00039167
 3181     0.00036849
 3182     0.00066207
 3183     0.00039843
 3184    -0.00043131
 3185    -0.00041503
 3186     0.00010813
 3187    -0.00040278
 3188     0.00043640
 3189     0.00008823
 3190    -0.00040678
 3191     0.00021702
 3192    -0.00020457
 3193    -0.00005767
 3194     0.00017466
 3195    -0.00039412
 3196    -0.00037811
 3197     0.00047870
 3198     0.00047740
 3199    -0.00039852
 3200     0.00052911
